
l: (255, 255, 119, 255, 255, 255, 255, 255, 119, 255, 255, 255, 255, 255, 119, 255, 255, 255, 255, 255, 119, 255, 255, 255, 255, 255, 119, 255, 255, 255, 255, 255, 119, 255, 255, 255, 119, 119, 55, 119, 122, 247, 255, 255, 255, 255, 255, 255, 255, 255, 255, 255, 255, 255, 255, 255, 255, 255, 255, 255, 255, 255, 255, 255, 255, 255)
l: (255, 228, 148, 255, 255, 255, 255, 228, 148, 255, 255, 255, 255, 228, 148, 255, 255, 255, 255, 228, 148, 255, 255, 255, 255, 228, 148, 255, 255, 255, 255, 228, 148, 255, 255, 255, 119, 105, 68, 119, 148, 255, 255, 255, 255, 255, 255, 255, 255, 255, 255, 255, 255, 255, 255, 255, 255, 255, 255, 255, 255, 255, 255, 255, 255, 255)
l: (255, 255, 164, 212, 255, 255, 255, 255, 164, 212, 255, 255, 255, 255, 164, 212, 255, 255, 255, 255, 164, 212, 255, 255, 255, 255, 164, 212, 255, 255, 255, 255, 164, 212, 255, 255, 157, 119, 75, 98, 119, 182, 255, 255, 255, 255, 255, 255, 255, 255, 255, 255, 255, 255, 255, 255, 255, 255, 255, 255, 255, 255, 255, 255, 255, 255)
l: (255, 255, 119, 255, 255, 255, 255, 255, 119, 255, 255, 255, 255, 255, 119, 255, 255, 255, 255, 255, 119, 255, 255, 255, 255, 255, 119, 255, 255, 255, 255, 255, 119, 255, 255, 255, 124, 119, 55, 119, 119, 216, 255, 255, 255, 255, 255, 255, 255, 255, 255, 255, 255, 255, 255, 255, 255, 255, 255, 255, 255, 255, 255, 255, 255, 255)

1: (218, 255, 115, 255, 255, 255, 255, 255, 115, 255, 255, 255, 255, 255, 115, 255, 255, 255, 255, 255, 115, 255, 255, 255, 255, 255, 115, 255, 255, 255, 255, 255, 115, 255, 255, 255, 125, 119, 53, 119, 152, 255, 255, 255, 255, 255, 255, 255, 255, 255, 255, 255, 255, 255, 255, 255, 255, 255, 255, 255, 255, 255, 255, 255, 255, 255)
1: (231, 224, 148, 255, 255, 255, 255, 224, 148, 255, 255, 255, 255, 224, 148, 255, 255, 255, 255, 224, 148, 255, 255, 255, 255, 224, 148, 255, 255, 255, 255, 224, 148, 255, 255, 255, 119, 104, 68, 119, 186, 255, 255, 255, 255, 255, 255, 255, 255, 255, 255, 255, 255, 255, 255, 255, 255, 255, 255, 255, 255, 255, 255, 255, 255, 255)
1: (229, 244, 160, 212, 255, 255, 255, 255, 160, 212, 255, 255, 255, 255, 160, 212, 255, 255, 255, 255, 160, 212, 255, 255, 255, 255, 160, 212, 255, 255, 255, 255, 160, 212, 255, 255, 193, 119, 74, 98, 119, 220, 255, 255, 255, 255, 255, 255, 255, 255, 255, 255, 255, 255, 255, 255, 255, 255, 255, 255, 255, 255, 255, 255, 255, 255)
1: (220, 252, 115, 255, 255, 255, 255, 255, 115, 255, 255, 255, 255, 255, 115, 255, 255, 255, 255, 255, 115, 255, 255, 255, 255, 255, 115, 255, 255, 255, 255, 255, 115, 255, 255, 255, 159, 119, 53, 119, 123, 250, 255, 255, 255, 255, 255, 255, 255, 255, 255, 255, 255, 255, 255, 255, 255, 255, 255, 255, 255, 255, 255, 255, 255, 255)

M: (106, 254, 255, 246, 87, 137, 180, 184, 255, 155, 181, 152, 254, 109, 255, 113, 224, 152, 255, 150, 148, 180, 224, 152, 255, 244, 86, 254, 224, 152, 255, 255, 255, 255, 224, 152, 119, 223, 255, 203, 104, 71, 255, 255, 255, 255, 255, 255, 255, 255, 255, 255, 255, 255, 255, 255, 255, 255, 255, 255, 255, 255, 255, 255, 255, 255)
D: (105, 228, 226, 181, 98, 251, 119, 255, 255, 255, 203, 149, 119, 255, 255, 255, 255, 122, 119, 255, 255, 255, 255, 119, 119, 255, 255, 255, 253, 118, 119, 255, 255, 255, 139, 200, 55, 119, 119, 109, 176, 255, 255, 255, 255, 255, 255, 255, 255, 255, 255, 255, 255, 255, 255, 255, 255, 255, 255, 255, 255, 255, 255, 255, 255, 255)
Z: (104, 228, 228, 196, 124, 255, 123, 255, 252, 103, 247, 255, 255, 255, 139, 209, 255, 255, 255, 200, 148, 255, 255, 255, 242, 106, 254, 255, 165, 255, 115, 232, 255, 255, 119, 255, 60, 119, 119, 119, 57, 255, 255, 255, 255, 255, 255, 255, 255, 255, 255, 255, 255, 255, 255, 255, 255, 255, 255, 255, 255, 255, 255, 255, 255, 255)
N: (39, 223, 255, 236, 109, 234, 144, 109, 255, 255, 123, 252, 156, 168, 185, 255, 123, 252, 156, 255, 103, 250, 123, 252, 156, 255, 212, 143, 123, 252, 156, 255, 255, 124, 97, 252, 72, 167, 255, 240, 26, 252, 255, 255, 255, 255, 255, 255, 255, 255, 255, 255, 255, 255, 255, 255, 255, 255, 255, 255, 255, 255, 255, 255, 255, 255)
I: (231, 228, 105, 228, 237, 255, 255, 255, 119, 255, 255, 255, 255, 255, 119, 255, 255, 255, 255, 255, 119, 255, 255, 255, 255, 255, 119, 255, 255, 255, 255, 255, 119, 255, 255, 255, 125, 119, 55, 119, 152, 255, 255, 255, 255, 255, 255, 255, 255, 255, 255, 255, 255, 255, 255, 255, 255, 255, 255, 255, 255, 255, 255, 255, 255, 255)
k: (200, 176, 255, 255, 255, 255, 200, 176, 254, 132, 128, 217, 200, 176, 222, 95, 226, 254, 200, 115, 100, 248, 255, 255, 200, 114, 108, 220, 255, 255, 200, 176, 250, 106, 224, 255, 92, 176, 255, 190, 38, 141, 255, 255, 255, 255, 255, 255, 255, 255, 255, 255, 255, 255, 255, 255, 255, 255, 255, 255, 255, 255, 255, 255, 255, 255)
2: (130, 255, 255, 240, 120, 255, 255, 255, 255, 251, 114, 255, 255, 255, 255, 126, 210, 255, 255, 255, 130, 190, 255, 255, 254, 118, 195, 255, 255, 255, 111, 203, 255, 255, 250, 255, 80, 119, 119, 119, 96, 255, 255, 255, 255, 255, 255, 255, 255, 255, 255, 255, 255, 255, 255, 255, 255, 255, 255, 255, 255, 255, 255, 255, 255, 255)
T: (228, 228, 102, 228, 192, 160, 255, 255, 115, 255, 216, 160, 255, 255, 115, 255, 249, 232, 255, 255, 115, 255, 255, 255, 255, 255, 115, 255, 255, 255, 255, 255, 115, 255, 255, 255, 184, 119, 53, 119, 213, 255, 255, 255, 255, 255, 255, 255, 255, 255, 255, 255, 255, 255, 255, 255, 255, 255, 255, 255, 255, 255, 255, 255, 255, 255)
U: (146, 241, 255, 236, 105, 238, 164, 255, 255, 255, 119, 255, 164, 255, 255, 255, 119, 255, 164, 255, 255, 255, 119, 255, 159, 255, 255, 255, 120, 255, 110, 255, 255, 253, 108, 255, 173, 109, 155, 101, 208, 255, 255, 242, 215, 250, 255, 255, 255, 255, 255, 255, 255, 255, 255, 255, 255, 255, 255, 255, 255, 255, 255, 255, 255, 255)
w: (255, 255, 255, 255, 255, 255, 133, 255, 255, 232, 128, 145, 221, 255, 237, 255, 169, 193, 173, 222, 37, 252, 129, 248, 125, 139, 158, 185, 122, 255, 121, 113, 251, 114, 125, 255, 122, 153, 255, 107, 168, 255, 255, 255, 255, 255, 255, 255, 255, 255, 255, 255, 255, 255, 255, 255, 255, 255, 255, 255, 255, 255, 255, 255, 255, 255)
H: (105, 240, 255, 236, 102, 248, 119, 255, 255, 255, 115, 255, 108, 224, 224, 224, 108, 255, 84, 152, 152, 152, 93, 255, 119, 255, 255, 255, 115, 255, 119, 255, 255, 255, 115, 255, 55, 166, 255, 150, 53, 172, 255, 255, 255, 255, 255, 255, 255, 255, 255, 255, 255, 255, 255, 255, 255, 255, 255, 255, 255, 255, 255, 255, 255, 255)
c: (255, 255, 255, 255, 255, 255, 246, 139, 116, 130, 192, 239, 101, 227, 255, 238, 68, 212, 181, 255, 255, 255, 220, 243, 210, 255, 255, 255, 255, 255, 138, 255, 255, 255, 241, 215, 160, 114, 160, 126, 112, 233, 255, 247, 214, 239, 255, 255, 255, 255, 255, 255, 255, 255, 255, 255, 255, 255, 255, 255, 255, 255, 255, 255, 255, 255)
P: (160, 171, 228, 211, 103, 220, 180, 192, 255, 255, 245, 126, 180, 192, 255, 255, 185, 166, 180, 89, 119, 116, 144, 255, 180, 192, 255, 255, 255, 255, 180, 192, 255, 255, 255, 255, 83, 89, 119, 210, 255, 255, 255, 255, 255, 255, 255, 255, 255, 255, 255, 255, 255, 255, 255, 255, 255, 255, 255, 255, 255, 255, 255, 255, 255, 255)
b: (156, 255, 255, 255, 255, 255, 155, 163, 110, 124, 234, 255, 46, 187, 255, 236, 94, 241, 112, 255, 255, 255, 217, 150, 141, 255, 255, 255, 245, 131, 58, 253, 255, 255, 162, 197, 110, 99, 156, 123, 146, 255, 255, 252, 213, 242, 255, 255, 255, 255, 255, 255, 255, 255, 255, 255, 255, 255, 255, 255, 255, 255, 255, 255, 255, 255)
S: (104, 219, 255, 192, 54, 255, 119, 255, 255, 255, 176, 255, 120, 171, 235, 255, 255, 255, 255, 209, 146, 115, 163, 255, 251, 255, 255, 255, 113, 242, 168, 255, 255, 255, 117, 246, 100, 129, 162, 120, 161, 255, 255, 243, 214, 244, 255, 255, 255, 255, 255, 255, 255, 255, 255, 255, 255, 255, 255, 255, 255, 255, 255, 255, 255, 255)
O: (92, 207, 255, 195, 114, 255, 210, 255, 255, 255, 162, 188, 255, 255, 255, 255, 250, 116, 255, 255, 255, 255, 255, 115, 254, 255, 255, 255, 230, 134, 153, 255, 255, 255, 114, 227, 149, 112, 161, 116, 182, 255, 255, 241, 213, 248, 255, 255, 255, 255, 255, 255, 255, 255, 255, 255, 255, 255, 255, 255, 255, 255, 255, 255, 255, 255)
d: (255, 255, 255, 255, 119, 252, 216, 114, 110, 184, 119, 252, 106, 246, 255, 161, 38, 252, 246, 255, 255, 255, 76, 252, 255, 255, 255, 255, 104, 252, 200, 255, 255, 244, 31, 252, 112, 135, 152, 100, 94, 122, 255, 230, 217, 255, 255, 255, 255, 255, 255, 255, 255, 255, 255, 255, 255, 255, 255, 255, 255, 255, 255, 255, 255, 255)
B: (105, 228, 226, 183, 118, 255, 119, 255, 255, 255, 111, 255, 108, 224, 218, 163, 120, 255, 83, 152, 150, 125, 112, 245, 119, 255, 255, 255, 220, 140, 119, 255, 255, 255, 214, 147, 55, 119, 119, 111, 108, 244, 255, 255, 255, 255, 255, 255, 255, 255, 255, 255, 255, 255, 255, 255, 255, 255, 255, 255, 255, 255, 255, 255, 255, 255)
L: (213, 116, 230, 255, 255, 255, 240, 132, 255, 255, 255, 255, 240, 132, 255, 255, 255, 255, 240, 132, 255, 255, 255, 255, 240, 132, 255, 255, 255, 125, 240, 132, 255, 255, 255, 115, 111, 60, 119, 119, 119, 112, 255, 255, 255, 255, 255, 255, 255, 255, 255, 255, 255, 255, 255, 255, 255, 255, 255, 255, 255, 255, 255, 255, 255, 255)
W: (228, 248, 255, 243, 209, 132, 254, 227, 79, 255, 207, 171, 232, 156, 113, 215, 179, 199, 203, 113, 229, 143, 150, 227, 171, 117, 255, 117, 123, 251, 87, 173, 255, 129, 108, 255, 17, 240, 255, 194, 61, 255, 255, 255, 255, 255, 255, 255, 255, 255, 255, 255, 255, 255, 255, 255, 255, 255, 255, 255, 255, 255, 255, 255, 255, 255)
j: (255, 255, 233, 249, 255, 255, 128, 128, 128, 162, 255, 255, 244, 244, 244, 116, 255, 255, 255, 255, 255, 119, 255, 255, 255, 255, 255, 119, 255, 255, 255, 255, 255, 119, 255, 255, 255, 255, 255, 119, 255, 255, 255, 255, 255, 115, 255, 255, 233, 232, 159, 155, 255, 255, 140, 142, 194, 255, 255, 255, 255, 255, 255, 255, 255, 255)
a: (255, 255, 255, 255, 255, 255, 181, 119, 116, 155, 255, 255, 208, 251, 255, 185, 171, 255, 240, 177, 160, 174, 136, 255, 102, 194, 215, 179, 136, 255, 250, 255, 255, 204, 136, 255, 113, 164, 124, 126, 62, 194, 243, 215, 249, 255, 255, 255, 255, 255, 255, 255, 255, 255, 255, 255, 255, 255, 255, 255, 255, 255, 255, 255, 255, 255)
G: (95, 206, 255, 233, 87, 180, 200, 255, 255, 255, 231, 225, 255, 255, 255, 255, 255, 255, 255, 255, 229, 180, 182, 201, 253, 255, 234, 192, 147, 151, 155, 255, 255, 255, 196, 180, 163, 110, 155, 151, 105, 211, 255, 253, 220, 227, 255, 255, 255, 255, 255, 255, 255, 255, 255, 255, 255, 255, 255, 255, 255, 255, 255, 255, 255, 255)
h: (119, 255, 255, 255, 255, 255, 118, 165, 124, 138, 250, 255, 50, 186, 255, 222, 128, 255, 117, 255, 255, 255, 118, 255, 119, 255, 255, 255, 119, 255, 119, 255, 255, 255, 119, 255, 55, 186, 255, 163, 55, 174, 255, 255, 255, 255, 255, 255, 255, 255, 255, 255, 255, 255, 255, 255, 255, 255, 255, 255, 255, 255, 255, 255, 255, 255)
A: (228, 130, 120, 207, 255, 255, 255, 113, 245, 123, 255, 255, 216, 153, 255, 118, 250, 255, 128, 235, 252, 192, 174, 255, 81, 123, 123, 123, 107, 255, 181, 255, 255, 255, 138, 233, 114, 226, 255, 201, 95, 78, 255, 255, 255, 255, 255, 255, 255, 255, 255, 255, 255, 255, 255, 255, 255, 255, 255, 255, 255, 255, 255, 255, 255, 255)
9: (125, 240, 255, 245, 115, 255, 116, 255, 255, 255, 110, 253, 132, 223, 255, 220, 38, 233, 244, 109, 112, 121, 134, 228, 255, 255, 255, 255, 103, 252, 255, 255, 255, 180, 143, 255, 175, 153, 109, 144, 255, 255, 250, 218, 247, 255, 255, 255, 255, 255, 255, 255, 255, 255, 255, 255, 255, 255, 255, 255, 255, 255, 255, 255, 255, 255)
z: (255, 255, 255, 255, 255, 255, 144, 128, 128, 128, 162, 255, 115, 244, 244, 141, 181, 255, 248, 255, 174, 160, 255, 255, 255, 196, 139, 255, 255, 255, 215, 120, 255, 255, 181, 255, 41, 115, 119, 119, 71, 255, 255, 255, 255, 255, 255, 255, 255, 255, 255, 255, 255, 255, 255, 255, 255, 255, 255, 255, 255, 255, 255, 255, 255, 255)
+: (255, 255, 130, 255, 255, 255, 255, 255, 115, 255, 255, 255, 255, 255, 115, 255, 255, 255, 119, 119, 53, 119, 119, 216, 255, 255, 115, 255, 255, 255, 255, 255, 115, 255, 255, 255, 255, 255, 188, 255, 255, 255, 255, 255, 255, 255, 255, 255, 255, 255, 255, 255, 255, 255, 255, 255, 255, 255, 255, 255, 255, 255, 255, 255, 255, 255)
K: (105, 232, 255, 196, 101, 239, 119, 255, 189, 126, 254, 255, 119, 165, 121, 255, 255, 255, 61, 157, 134, 169, 255, 255, 117, 255, 255, 130, 226, 255, 119, 255, 255, 239, 129, 255, 55, 129, 255, 255, 116, 136, 255, 255, 255, 255, 255, 255, 255, 255, 255, 255, 255, 255, 255, 255, 255, 255, 255, 255, 255, 255, 255, 255, 255, 255)
F: (131, 203, 228, 228, 228, 113, 148, 228, 255, 252, 255, 164, 148, 199, 224, 123, 255, 255, 148, 135, 152, 115, 255, 255, 148, 228, 255, 217, 255, 255, 148, 228, 255, 255, 255, 255, 68, 105, 119, 227, 255, 255, 255, 255, 255, 255, 255, 255, 255, 255, 255, 255, 255, 255, 255, 255, 255, 255, 255, 255, 255, 255, 255, 255, 255, 255)
4: (255, 234, 123, 115, 255, 255, 255, 119, 237, 115, 255, 255, 206, 150, 255, 115, 255, 255, 104, 252, 255, 115, 255, 255, 89, 119, 119, 53, 168, 255, 255, 255, 255, 115, 255, 255, 255, 255, 135, 53, 167, 255, 255, 255, 255, 255, 255, 255, 255, 255, 255, 255, 255, 255, 255, 255, 255, 255, 255, 255, 255, 255, 255, 255, 255, 255)
u: (255, 255, 255, 255, 255, 255, 168, 255, 248, 130, 158, 255, 117, 255, 255, 245, 112, 255, 119, 255, 255, 255, 115, 255, 119, 255, 255, 255, 115, 255, 119, 255, 255, 242, 91, 255, 141, 144, 143, 116, 66, 191, 255, 220, 236, 255, 255, 255, 255, 255, 255, 255, 255, 255, 255, 255, 255, 255, 255, 255, 255, 255, 255, 255, 255, 255)
R: (102, 228, 225, 163, 133, 255, 115, 255, 255, 255, 117, 255, 115, 255, 255, 205, 111, 255, 70, 119, 77, 106, 251, 255, 115, 255, 254, 129, 204, 255, 115, 255, 255, 254, 105, 250, 53, 130, 255, 255, 214, 89, 255, 255, 255, 255, 255, 255, 255, 255, 255, 255, 255, 255, 255, 255, 255, 255, 255, 255, 255, 255, 255, 255, 255, 255)
C: (95, 213, 255, 213, 70, 184, 205, 255, 255, 255, 204, 207, 255, 255, 255, 255, 255, 255, 255, 255, 255, 255, 255, 255, 249, 255, 255, 255, 255, 255, 131, 255, 255, 255, 218, 193, 178, 105, 157, 136, 117, 249, 255, 252, 217, 235, 255, 255, 255, 255, 255, 255, 255, 255, 255, 255, 255, 255, 255, 255, 255, 255, 255, 255, 255, 255)
t: (196, 176, 255, 255, 255, 255, 97, 87, 128, 128, 194, 255, 186, 167, 244, 244, 252, 255, 196, 176, 255, 255, 255, 255, 196, 176, 255, 255, 255, 255, 200, 171, 255, 255, 255, 255, 246, 97, 160, 146, 114, 213, 255, 252, 215, 234, 255, 255, 255, 255, 255, 255, 255, 255, 255, 255, 255, 255, 255, 255, 255, 255, 255, 255, 255, 255)
Y: (91, 252, 255, 237, 94, 242, 183, 168, 255, 129, 224, 255, 255, 116, 181, 150, 255, 255, 255, 240, 65, 253, 255, 255, 255, 255, 115, 255, 255, 255, 255, 255, 115, 255, 255, 255, 186, 119, 53, 119, 211, 255, 255, 255, 255, 255, 255, 255, 255, 255, 255, 255, 255, 255, 255, 255, 255, 255, 255, 255, 255, 255, 255, 255, 255, 255)
Q: (92, 207, 255, 195, 116, 255, 210, 255, 255, 255, 162, 190, 255, 255, 255, 255, 250, 124, 255, 255, 255, 255, 255, 119, 254, 255, 255, 255, 230, 137, 153, 255, 255, 255, 117, 232, 151, 115, 161, 112, 182, 255, 235, 73, 103, 197, 233, 199, 191, 171, 203, 169, 141, 226, 255, 255, 255, 255, 255, 255, 255, 255, 255, 255, 255, 255)
X: (94, 252, 255, 236, 89, 241, 188, 154, 255, 113, 228, 255, 255, 138, 110, 187, 255, 255, 255, 203, 49, 237, 255, 255, 239, 104, 235, 104, 253, 255, 107, 236, 255, 206, 137, 255, 71, 211, 255, 184, 50, 148, 255, 255, 255, 255, 255, 255, 255, 255, 255, 255, 255, 255, 255, 255, 255, 255, 255, 255, 255, 255, 255, 255, 255, 255)
0: (109, 248, 255, 217, 134, 255, 119, 255, 255, 255, 106, 255, 129, 255, 255, 255, 117, 255, 129, 255, 255, 255, 118, 255, 109, 255, 255, 255, 118, 255, 107, 250, 255, 220, 133, 255, 211, 98, 148, 93, 241, 255, 255, 249, 222, 254, 255, 255, 255, 255, 255, 255, 255, 255, 255, 255, 255, 255, 255, 255, 255, 255, 255, 255, 255, 255)
y: (255, 255, 255, 255, 255, 255, 128, 187, 255, 238, 128, 142, 99, 251, 255, 255, 153, 197, 174, 187, 255, 253, 110, 255, 254, 107, 255, 168, 196, 255, 255, 175, 187, 110, 255, 255, 255, 254, 69, 192, 255, 255, 255, 255, 110, 255, 255, 255, 236, 171, 168, 254, 255, 255, 140, 140, 140, 234, 255, 255, 255, 255, 255, 255, 255, 255)
s: (255, 255, 255, 255, 255, 255, 225, 122, 116, 142, 191, 255, 103, 242, 255, 224, 94, 255, 134, 149, 196, 238, 246, 255, 255, 225, 183, 128, 137, 255, 177, 255, 255, 255, 112, 255, 74, 132, 163, 125, 148, 255, 255, 238, 212, 240, 255, 255, 255, 255, 255, 255, 255, 255, 255, 255, 255, 255, 255, 255, 255, 255, 255, 255, 255, 255)
m: (255, 255, 255, 255, 255, 255, 167, 116, 220, 132, 125, 250, 171, 247, 43, 221, 191, 168, 255, 255, 115, 255, 224, 152, 255, 255, 115, 255, 224, 152, 255, 255, 115, 255, 224, 152, 162, 255, 74, 199, 224, 71, 255, 255, 255, 255, 255, 255, 255, 255, 255, 255, 255, 255, 255, 255, 255, 255, 255, 255, 255, 255, 255, 255, 255, 255)
3: (227, 255, 255, 250, 117, 255, 255, 255, 255, 233, 124, 255, 255, 232, 94, 62, 241, 255, 255, 255, 253, 182, 136, 255, 255, 255, 255, 255, 114, 255, 247, 255, 255, 254, 107, 255, 100, 131, 155, 105, 207, 255, 255, 236, 220, 253, 255, 255, 255, 255, 255, 255, 255, 255, 255, 255, 255, 255, 255, 255, 255, 255, 255, 255, 255, 255)
p: (255, 255, 255, 255, 255, 255, 203, 150, 109, 118, 223, 255, 40, 195, 255, 239, 93, 231, 121, 255, 255, 255, 226, 140, 134, 255, 255, 255, 238, 137, 38, 227, 255, 253, 119, 220, 142, 122, 113, 113, 202, 255, 156, 255, 255, 255, 255, 255, 143, 239, 255, 255, 255, 255, 140, 144, 254, 255, 255, 255, 255, 255, 255, 255, 255, 255)
i: (255, 251, 231, 255, 255, 255, 167, 128, 168, 255, 255, 255, 250, 244, 117, 255, 255, 255, 255, 255, 119, 255, 255, 255, 255, 255, 119, 255, 255, 255, 255, 255, 119, 255, 255, 255, 119, 119, 55, 119, 122, 246, 255, 255, 255, 255, 255, 255, 255, 255, 255, 255, 255, 255, 255, 255, 255, 255, 255, 255, 255, 255, 255, 255, 255, 255)
E: (102, 228, 228, 228, 109, 252, 115, 255, 252, 255, 166, 254, 104, 224, 132, 230, 255, 255, 80, 152, 86, 228, 255, 255, 115, 255, 223, 250, 233, 226, 115, 255, 255, 255, 196, 180, 53, 119, 119, 119, 90, 180, 255, 255, 255, 255, 255, 255, 255, 255, 255, 255, 255, 255, 255, 255, 255, 255, 255, 255, 255, 255, 255, 255, 255, 255)
g: (255, 255, 255, 255, 255, 255, 208, 116, 111, 203, 152, 163, 120, 252, 252, 124, 81, 249, 252, 255, 255, 253, 86, 255, 255, 255, 255, 255, 95, 255, 155, 255, 255, 160, 77, 255, 171, 116, 112, 168, 115, 255, 255, 255, 255, 255, 114, 255, 253, 233, 228, 133, 176, 255, 229, 140, 143, 204, 255, 255, 255, 255, 255, 255, 255, 255)
r: (255, 255, 255, 255, 255, 255, 130, 158, 251, 150, 120, 227, 245, 100, 99, 205, 243, 202, 255, 92, 238, 255, 255, 255, 255, 119, 255, 255, 255, 255, 255, 119, 255, 255, 255, 255, 123, 56, 119, 119, 201, 255, 255, 255, 255, 255, 255, 255, 255, 255, 255, 255, 255, 255, 255, 255, 255, 255, 255, 255, 255, 255, 255, 255, 255, 255)
x: (255, 255, 255, 255, 255, 255, 128, 189, 255, 165, 128, 215, 110, 208, 255, 176, 142, 254, 254, 121, 137, 154, 255, 255, 255, 164, 80, 199, 255, 255, 156, 165, 255, 133, 192, 255, 49, 188, 255, 163, 37, 170, 255, 255, 255, 255, 255, 255, 255, 255, 255, 255, 255, 255, 255, 255, 255, 255, 255, 255, 255, 255, 255, 255, 255, 255)
7: (225, 255, 255, 242, 122, 255, 255, 255, 255, 169, 197, 255, 255, 255, 255, 111, 253, 255, 255, 255, 250, 115, 255, 255, 255, 255, 185, 182, 255, 255, 255, 255, 117, 248, 255, 255, 255, 255, 122, 255, 255, 255, 255, 255, 255, 255, 255, 255, 255, 255, 255, 255, 255, 255, 255, 255, 255, 255, 255, 255, 255, 255, 255, 255, 255, 255)
6: (243, 102, 247, 255, 255, 255, 138, 228, 255, 255, 255, 255, 120, 204, 110, 113, 219, 255, 97, 114, 253, 249, 99, 253, 105, 240, 255, 255, 148, 224, 183, 182, 255, 255, 120, 246, 255, 118, 144, 124, 160, 255, 255, 255, 226, 239, 255, 255, 255, 255, 255, 255, 255, 255, 255, 255, 255, 255, 255, 255, 255, 255, 255, 255, 255, 255)
/: (255, 255, 255, 112, 248, 255, 255, 255, 221, 141, 255, 255, 255, 255, 119, 241, 255, 255, 255, 233, 130, 255, 255, 255, 255, 130, 232, 255, 255, 255, 242, 120, 255, 255, 255, 255, 142, 220, 255, 255, 255, 255, 115, 255, 255, 255, 255, 255, 253, 255, 255, 255, 255, 255, 255, 255, 255, 255, 255, 255, 255, 255, 255, 255, 255, 255)
V: (204, 251, 255, 245, 160, 167, 142, 255, 255, 255, 113, 253, 116, 255, 255, 237, 130, 255, 178, 195, 255, 147, 219, 255, 252, 121, 255, 111, 255, 255, 255, 132, 192, 161, 255, 255, 255, 220, 41, 245, 255, 255, 255, 255, 255, 255, 255, 255, 255, 255, 255, 255, 255, 255, 255, 255, 255, 255, 255, 255, 255, 255, 255, 255, 255, 255)
c: (255, 255, 255, 255, 255, 255, 226, 123, 117, 148, 192, 255, 107, 246, 255, 216, 47, 255, 241, 255, 255, 255, 207, 255, 255, 255, 255, 255, 255, 255, 197, 255, 255, 255, 218, 239, 121, 130, 158, 118, 131, 252, 255, 239, 215, 247, 255, 255, 255, 255, 255, 255, 255, 255, 255, 255, 255, 255, 255, 255, 255, 255, 255, 255, 255, 255)
o: (255, 255, 255, 255, 255, 255, 212, 119, 114, 175, 255, 255, 119, 250, 255, 173, 143, 255, 253, 255, 255, 255, 115, 252, 255, 255, 255, 255, 136, 239, 219, 255, 255, 251, 104, 255, 114, 138, 153, 101, 218, 255, 255, 235, 221, 254, 255, 255, 255, 255, 255, 255, 255, 255, 255, 255, 255, 255, 255, 255, 255, 255, 255, 255, 255, 255)
I: (228, 203, 131, 228, 244, 255, 255, 228, 148, 255, 255, 255, 255, 228, 148, 255, 255, 255, 255, 228, 148, 255, 255, 255, 255, 228, 148, 255, 255, 255, 255, 228, 148, 255, 255, 255, 119, 105, 68, 119, 186, 255, 255, 255, 255, 255, 255, 255, 255, 255, 255, 255, 255, 255, 255, 255, 255, 255, 255, 255, 255, 255, 255, 255, 255, 255)
Q: (97, 231, 252, 154, 161, 255, 247, 255, 255, 255, 114, 238, 255, 255, 255, 255, 191, 185, 255, 255, 255, 255, 212, 163, 255, 255, 255, 255, 166, 201, 210, 255, 255, 249, 102, 254, 113, 132, 158, 102, 221, 255, 208, 51, 129, 217, 218, 219, 165, 183, 201, 155, 152, 245, 255, 255, 255, 255, 255, 255, 255, 255, 255, 255, 255, 255)
5: (115, 255, 255, 255, 255, 255, 115, 234, 210, 249, 255, 255, 97, 136, 160, 97, 224, 255, 255, 255, 255, 244, 121, 255, 255, 255, 255, 255, 119, 255, 246, 255, 255, 225, 136, 255, 102, 138, 146, 104, 245, 255, 255, 228, 228, 255, 255, 255, 255, 255, 255, 255, 255, 255, 255, 255, 255, 255, 255, 255, 255, 255, 255, 255, 255, 255)
F: (105, 228, 228, 228, 217, 132, 119, 255, 254, 253, 249, 170, 114, 224, 177, 178, 255, 255, 104, 152, 117, 176, 255, 255, 119, 255, 240, 232, 255, 255, 119, 255, 255, 255, 255, 255, 55, 119, 125, 254, 255, 255, 255, 255, 255, 255, 255, 255, 255, 255, 255, 255, 255, 255, 255, 255, 255, 255, 255, 255, 255, 255, 255, 255, 255, 255)
/: (255, 255, 250, 111, 255, 255, 255, 255, 160, 202, 255, 255, 255, 254, 107, 255, 255, 255, 255, 177, 185, 255, 255, 255, 255, 106, 255, 255, 255, 255, 195, 168, 255, 255, 255, 255, 109, 252, 255, 255, 255, 255, 154, 255, 255, 255, 255, 255, 255, 255, 255, 255, 255, 255, 255, 255, 255, 255, 255, 255, 255, 255, 255, 255, 255, 255)
a: (255, 255, 255, 255, 255, 255, 156, 115, 115, 190, 255, 255, 213, 255, 255, 128, 228, 255, 223, 169, 164, 130, 200, 255, 131, 204, 213, 126, 200, 255, 255, 255, 255, 140, 200, 255, 137, 161, 114, 98, 93, 228, 233, 220, 254, 255, 255, 255, 255, 255, 255, 255, 255, 255, 255, 255, 255, 255, 255, 255, 255, 255, 255, 255, 255, 255)
Y: (128, 255, 255, 196, 129, 249, 130, 220, 253, 103, 251, 255, 248, 102, 146, 206, 255, 255, 255, 193, 111, 255, 255, 255, 255, 228, 144, 255, 255, 255, 255, 228, 144, 255, 255, 255, 152, 105, 66, 121, 243, 255, 255, 255, 255, 255, 255, 255, 255, 255, 255, 255, 255, 255, 255, 255, 255, 255, 255, 255, 255, 255, 255, 255, 255, 255)
A: (228, 102, 111, 250, 255, 255, 239, 131, 194, 175, 255, 255, 152, 216, 255, 114, 255, 255, 109, 252, 252, 134, 233, 255, 84, 123, 123, 120, 144, 255, 238, 255, 255, 255, 114, 255, 125, 253, 255, 167, 65, 124, 255, 255, 255, 255, 255, 255, 255, 255, 255, 255, 255, 255, 255, 255, 255, 255, 255, 255, 255, 255, 255, 255, 255, 255)
g: (255, 255, 255, 255, 255, 255, 175, 113, 119, 223, 128, 195, 171, 255, 239, 92, 124, 252, 255, 255, 255, 208, 132, 255, 255, 255, 255, 220, 132, 255, 208, 255, 253, 107, 132, 255, 140, 117, 109, 190, 132, 255, 255, 255, 255, 226, 144, 255, 247, 233, 218, 100, 223, 255, 200, 140, 149, 227, 255, 255, 255, 255, 255, 255, 255, 255)
V: (230, 255, 255, 238, 110, 221, 202, 255, 255, 252, 114, 255, 122, 255, 255, 181, 187, 255, 126, 245, 255, 112, 253, 255, 213, 160, 235, 132, 255, 255, 255, 117, 144, 223, 255, 255, 255, 158, 93, 255, 255, 255, 255, 255, 255, 255, 255, 255, 255, 255, 255, 255, 255, 255, 255, 255, 255, 255, 255, 255, 255, 255, 255, 255, 255, 255)
9: (109, 255, 255, 207, 154, 255, 116, 255, 255, 255, 107, 255, 104, 250, 255, 171, 64, 255, 216, 100, 111, 151, 113, 255, 255, 255, 255, 250, 104, 255, 255, 255, 255, 122, 201, 255, 150, 145, 97, 187, 255, 255, 241, 220, 254, 255, 255, 255, 255, 255, 255, 255, 255, 255, 255, 255, 255, 255, 255, 255, 255, 255, 255, 255, 255, 255)
U: (203, 248, 255, 229, 105, 245, 228, 255, 255, 255, 119, 255, 228, 255, 255, 255, 119, 255, 228, 255, 255, 255, 119, 255, 223, 255, 255, 255, 120, 255, 158, 255, 255, 231, 131, 255, 128, 130, 146, 102, 241, 255, 255, 231, 221, 254, 255, 255, 255, 255, 255, 255, 255, 255, 255, 255, 255, 255, 255, 255, 255, 255, 255, 255, 255, 255)
B: (135, 228, 223, 150, 162, 255, 152, 255, 255, 255, 111, 255, 133, 224, 210, 133, 167, 255, 89, 152, 148, 116, 139, 255, 152, 255, 255, 255, 157, 203, 152, 255, 255, 255, 150, 211, 70, 119, 119, 106, 136, 255, 255, 255, 255, 255, 255, 255, 255, 255, 255, 255, 255, 255, 255, 255, 255, 255, 255, 255, 255, 255, 255, 255, 255, 255)
R: (131, 228, 219, 128, 181, 255, 148, 255, 255, 255, 117, 255, 148, 255, 254, 166, 152, 255, 68, 118, 48, 165, 255, 255, 148, 255, 243, 103, 240, 255, 148, 255, 255, 234, 120, 255, 68, 164, 255, 255, 155, 130, 255, 255, 255, 255, 255, 255, 255, 255, 255, 255, 255, 255, 255, 255, 255, 255, 255, 255, 255, 255, 255, 255, 255, 255)
y: (255, 255, 255, 255, 255, 255, 128, 219, 255, 207, 128, 174, 121, 254, 255, 253, 111, 241, 122, 237, 255, 224, 140, 255, 230, 133, 255, 121, 242, 255, 255, 124, 210, 137, 255, 255, 255, 230, 45, 240, 255, 255, 255, 232, 135, 255, 255, 255, 236, 120, 221, 255, 255, 255, 140, 140, 147, 255, 255, 255, 255, 255, 255, 255, 255, 255)
2: (188, 255, 255, 191, 171, 255, 255, 255, 255, 213, 153, 255, 255, 255, 246, 101, 245, 255, 255, 243, 103, 228, 255, 255, 238, 98, 231, 255, 255, 255, 98, 235, 255, 255, 250, 255, 106, 119, 119, 115, 134, 255, 255, 255, 255, 255, 255, 255, 255, 255, 255, 255, 255, 255, 255, 255, 255, 255, 255, 255, 255, 255, 255, 255, 255, 255)
J: (255, 239, 228, 160, 174, 236, 255, 255, 255, 180, 196, 255, 255, 255, 255, 180, 196, 255, 255, 255, 255, 180, 196, 255, 255, 255, 255, 179, 196, 255, 252, 255, 255, 136, 233, 255, 95, 150, 126, 159, 255, 255, 254, 215, 239, 255, 255, 255, 255, 255, 255, 255, 255, 255, 255, 255, 255, 255, 255, 255, 255, 255, 255, 255, 255, 255)
h: (156, 255, 255, 255, 255, 255, 147, 143, 122, 165, 255, 255, 49, 224, 255, 171, 179, 255, 154, 255, 255, 242, 132, 255, 156, 255, 255, 244, 132, 255, 156, 255, 255, 244, 132, 255, 72, 219, 255, 123, 60, 208, 255, 255, 255, 255, 255, 255, 255, 255, 255, 255, 255, 255, 255, 255, 255, 255, 255, 255, 255, 255, 255, 255, 255, 255)
m: (255, 255, 255, 255, 255, 255, 137, 128, 224, 116, 156, 255, 217, 198, 67, 245, 129, 231, 255, 232, 140, 255, 160, 216, 255, 232, 140, 255, 160, 216, 255, 232, 140, 255, 160, 216, 196, 232, 65, 233, 160, 117, 255, 255, 255, 255, 255, 255, 255, 255, 255, 255, 255, 255, 255, 255, 255, 255, 255, 255, 255, 255, 255, 255, 255, 255)
7: (248, 255, 255, 185, 181, 255, 255, 255, 255, 116, 248, 255, 255, 255, 254, 110, 255, 255, 255, 255, 201, 165, 255, 255, 255, 255, 125, 240, 255, 255, 255, 255, 110, 255, 255, 255, 255, 226, 153, 255, 255, 255, 255, 255, 255, 255, 255, 255, 255, 255, 255, 255, 255, 255, 255, 255, 255, 255, 255, 255, 255, 255, 255, 255, 255, 255)
L: (156, 174, 237, 255, 255, 255, 176, 196, 255, 255, 255, 255, 176, 196, 255, 255, 255, 255, 176, 196, 255, 255, 255, 255, 176, 196, 255, 255, 201, 181, 176, 196, 255, 255, 196, 176, 81, 90, 119, 119, 90, 176, 255, 255, 255, 255, 255, 255, 255, 255, 255, 255, 255, 255, 255, 255, 255, 255, 255, 255, 255, 255, 255, 255, 255, 255)
j: (255, 255, 227, 255, 255, 255, 128, 128, 128, 194, 255, 255, 244, 244, 232, 132, 255, 255, 255, 255, 244, 132, 255, 255, 255, 255, 244, 132, 255, 255, 255, 255, 244, 132, 255, 255, 255, 255, 244, 132, 255, 255, 255, 255, 235, 137, 255, 255, 233, 227, 113, 210, 255, 255, 140, 149, 217, 255, 255, 255, 255, 255, 255, 255, 255, 255)
K: (131, 239, 255, 147, 141, 248, 148, 255, 144, 169, 255, 255, 145, 110, 179, 255, 255, 255, 46, 180, 109, 212, 255, 255, 146, 255, 253, 104, 254, 255, 148, 255, 255, 187, 181, 255, 68, 163, 255, 255, 83, 170, 255, 255, 255, 255, 255, 255, 255, 255, 255, 255, 255, 255, 255, 255, 255, 255, 255, 255, 255, 255, 255, 255, 255, 255)
v: (255, 255, 255, 255, 255, 255, 128, 223, 254, 132, 128, 179, 170, 255, 255, 233, 115, 251, 112, 255, 255, 146, 216, 255, 157, 210, 254, 109, 255, 255, 248, 119, 179, 185, 255, 255, 255, 134, 86, 254, 255, 255, 255, 255, 255, 255, 255, 255, 255, 255, 255, 255, 255, 255, 255, 255, 255, 255, 255, 255, 255, 255, 255, 255, 255, 255)
+: (255, 229, 156, 255, 255, 255, 255, 224, 148, 255, 255, 255, 255, 224, 148, 255, 255, 255, 119, 104, 68, 119, 122, 246, 255, 224, 148, 255, 255, 255, 255, 224, 148, 255, 255, 255, 255, 243, 201, 255, 255, 255, 255, 255, 255, 255, 255, 255, 255, 255, 255, 255, 255, 255, 255, 255, 255, 255, 255, 255, 255, 255, 255, 255, 255, 255)
i: (255, 242, 240, 255, 255, 255, 135, 128, 200, 255, 255, 255, 247, 221, 144, 255, 255, 255, 255, 232, 144, 255, 255, 255, 255, 232, 144, 255, 255, 255, 255, 232, 144, 255, 255, 255, 119, 107, 66, 119, 147, 255, 255, 255, 255, 255, 255, 255, 255, 255, 255, 255, 255, 255, 255, 255, 255, 255, 255, 255, 255, 255, 255, 255, 255, 255)
G: (97, 231, 255, 211, 44, 244, 241, 255, 255, 255, 203, 253, 255, 255, 255, 255, 255, 255, 255, 255, 210, 181, 182, 219, 255, 255, 218, 192, 98, 215, 210, 255, 255, 255, 132, 244, 126, 121, 161, 138, 103, 249, 255, 248, 215, 236, 255, 255, 255, 255, 255, 255, 255, 255, 255, 255, 255, 255, 255, 255, 255, 255, 255, 255, 255, 255)
k: (136, 240, 255, 255, 255, 255, 136, 240, 227, 128, 130, 247, 136, 240, 185, 114, 243, 255, 136, 134, 140, 255, 255, 255, 136, 159, 102, 246, 255, 255, 136, 240, 227, 103, 248, 255, 62, 240, 255, 132, 62, 175, 255, 255, 255, 255, 255, 255, 255, 255, 255, 255, 255, 255, 255, 255, 255, 255, 255, 255, 255, 255, 255, 255, 255, 255)
Z: (138, 228, 228, 148, 181, 255, 160, 255, 230, 117, 255, 255, 255, 254, 105, 244, 255, 255, 255, 145, 203, 255, 255, 255, 207, 142, 255, 255, 165, 255, 104, 253, 255, 255, 119, 255, 90, 119, 119, 119, 91, 255, 255, 255, 255, 255, 255, 255, 255, 255, 255, 255, 255, 255, 255, 255, 255, 255, 255, 255, 255, 255, 255, 255, 255, 255)
s: (255, 255, 255, 255, 255, 255, 197, 115, 117, 162, 205, 255, 111, 252, 255, 177, 141, 255, 102, 166, 205, 247, 246, 255, 254, 212, 173, 109, 179, 255, 228, 255, 255, 255, 113, 255, 102, 143, 161, 108, 192, 255, 255, 228, 215, 248, 255, 255, 255, 255, 255, 255, 255, 255, 255, 255, 255, 255, 255, 255, 255, 255, 255, 255, 255, 255)
e: (255, 255, 255, 255, 255, 255, 195, 118, 117, 181, 255, 255, 147, 253, 255, 165, 155, 255, 216, 216, 216, 216, 103, 255, 160, 160, 160, 160, 160, 255, 224, 255, 255, 255, 245, 255, 115, 135, 159, 116, 110, 254, 255, 239, 211, 245, 255, 255, 255, 255, 255, 255, 255, 255, 255, 255, 255, 255, 255, 255, 255, 255, 255, 255, 255, 255)
N: (74, 251, 255, 230, 105, 245, 170, 148, 255, 255, 119, 255, 220, 119, 233, 255, 119, 255, 220, 237, 116, 255, 119, 255, 220, 255, 153, 200, 119, 255, 220, 255, 253, 102, 117, 255, 102, 201, 255, 198, 64, 255, 255, 255, 255, 255, 255, 255, 255, 255, 255, 255, 255, 255, 255, 255, 255, 255, 255, 255, 255, 255, 255, 255, 255, 255)
H: (131, 247, 255, 219, 114, 254, 148, 255, 255, 244, 128, 255, 129, 224, 224, 213, 128, 255, 86, 152, 152, 144, 128, 255, 148, 255, 255, 244, 128, 255, 148, 255, 255, 244, 128, 255, 68, 200, 248, 117, 59, 206, 255, 255, 255, 255, 255, 255, 255, 255, 255, 255, 255, 255, 255, 255, 255, 255, 255, 255, 255, 255, 255, 255, 255, 255)
t: (132, 240, 255, 255, 255, 255, 65, 119, 128, 128, 226, 255, 124, 228, 244, 244, 255, 255, 132, 240, 255, 255, 255, 255, 132, 240, 255, 255, 255, 255, 136, 235, 255, 255, 255, 255, 212, 104, 163, 137, 114, 247, 255, 245, 213, 243, 255, 255, 255, 255, 255, 255, 255, 255, 255, 255, 255, 255, 255, 255, 255, 255, 255, 255, 255, 255)
x: (255, 255, 255, 255, 255, 255, 131, 130, 250, 229, 128, 151, 198, 115, 254, 246, 101, 224, 255, 207, 119, 107, 232, 255, 255, 239, 97, 111, 252, 255, 234, 102, 239, 218, 112, 250, 42, 110, 252, 231, 88, 65, 255, 255, 255, 255, 255, 255, 255, 255, 255, 255, 255, 255, 255, 255, 255, 255, 255, 255, 255, 255, 255, 255, 255, 255)
v: (255, 255, 255, 255, 255, 255, 128, 131, 252, 227, 128, 128, 125, 226, 255, 255, 181, 165, 230, 138, 255, 255, 110, 252, 255, 116, 249, 223, 141, 255, 255, 205, 162, 125, 238, 255, 255, 255, 98, 119, 255, 255, 255, 255, 255, 255, 255, 255, 255, 255, 255, 255, 255, 255, 255, 255, 255, 255, 255, 255, 255, 255, 255, 255, 255, 255)
z: (255, 255, 255, 255, 255, 255, 208, 128, 128, 128, 128, 226, 161, 204, 244, 224, 97, 249, 249, 254, 246, 103, 240, 255, 255, 253, 109, 228, 255, 255, 255, 122, 213, 255, 236, 200, 159, 65, 119, 119, 100, 159, 255, 255, 255, 255, 255, 255, 255, 255, 255, 255, 255, 255, 255, 255, 255, 255, 255, 255, 255, 255, 255, 255, 255, 255)
n: (255, 255, 255, 255, 255, 255, 129, 210, 125, 112, 194, 255, 157, 81, 241, 255, 119, 229, 164, 210, 255, 255, 182, 192, 164, 212, 255, 255, 184, 192, 164, 212, 255, 255, 184, 192, 76, 101, 246, 250, 89, 95, 255, 255, 255, 255, 255, 255, 255, 255, 255, 255, 255, 255, 255, 255, 255, 255, 255, 255, 255, 255, 255, 255, 255, 255)
d: (255, 255, 255, 255, 248, 123, 253, 151, 110, 126, 231, 123, 117, 197, 255, 232, 94, 123, 132, 255, 255, 255, 205, 123, 157, 255, 255, 255, 233, 123, 101, 255, 255, 255, 149, 123, 197, 100, 157, 121, 145, 57, 255, 249, 213, 240, 255, 255, 255, 255, 255, 255, 255, 255, 255, 255, 255, 255, 255, 255, 255, 255, 255, 255, 255, 255)
B: (142, 192, 228, 217, 111, 213, 160, 216, 255, 255, 228, 139, 160, 189, 224, 200, 102, 216, 160, 128, 152, 144, 105, 180, 160, 216, 255, 255, 255, 107, 160, 216, 255, 255, 255, 106, 74, 100, 119, 118, 100, 177, 255, 255, 255, 255, 255, 255, 255, 255, 255, 255, 255, 255, 255, 255, 255, 255, 255, 255, 255, 255, 255, 255, 255, 255)
Q: (173, 132, 243, 242, 115, 209, 109, 255, 255, 255, 252, 100, 176, 255, 255, 255, 255, 129, 196, 255, 255, 255, 255, 148, 155, 255, 255, 255, 255, 112, 100, 243, 255, 255, 223, 128, 232, 96, 146, 145, 111, 246, 255, 168, 52, 152, 230, 195, 251, 147, 193, 194, 143, 174, 255, 255, 255, 255, 255, 255, 255, 255, 255, 255, 255, 255)
N: (96, 119, 255, 251, 224, 109, 119, 147, 206, 255, 252, 123, 119, 252, 102, 254, 252, 123, 119, 255, 192, 163, 252, 123, 119, 255, 255, 111, 237, 123, 119, 255, 255, 228, 122, 123, 55, 120, 234, 255, 139, 123, 255, 255, 255, 255, 255, 255, 255, 255, 255, 255, 255, 255, 255, 255, 255, 255, 255, 255, 255, 255, 255, 255, 255, 255)
D: (190, 149, 228, 212, 120, 181, 208, 168, 255, 255, 255, 102, 208, 168, 255, 255, 255, 169, 208, 168, 255, 255, 255, 183, 208, 168, 255, 255, 255, 148, 208, 168, 255, 255, 233, 106, 108, 77, 119, 117, 113, 241, 255, 255, 255, 255, 255, 255, 255, 255, 255, 255, 255, 255, 255, 255, 255, 255, 255, 255, 255, 255, 255, 255, 255, 255)
u: (255, 255, 255, 255, 255, 255, 128, 232, 255, 187, 128, 222, 160, 208, 255, 251, 175, 188, 168, 208, 255, 255, 184, 188, 168, 208, 255, 255, 184, 188, 174, 201, 255, 255, 147, 188, 236, 94, 162, 116, 101, 92, 255, 243, 217, 252, 255, 255, 255, 255, 255, 255, 255, 255, 255, 255, 255, 255, 255, 255, 255, 255, 255, 255, 255, 255)
h: (156, 220, 255, 255, 255, 255, 156, 191, 130, 121, 198, 255, 156, 91, 246, 255, 117, 233, 156, 218, 255, 255, 178, 196, 156, 220, 255, 255, 180, 196, 156, 220, 255, 255, 180, 196, 72, 106, 249, 231, 84, 92, 255, 255, 255, 255, 255, 255, 255, 255, 255, 255, 255, 255, 255, 255, 255, 255, 255, 255, 255, 255, 255, 255, 255, 255)
P: (236, 102, 228, 225, 170, 126, 255, 115, 255, 255, 255, 122, 255, 115, 255, 255, 251, 98, 255, 81, 119, 120, 112, 214, 255, 115, 255, 255, 255, 255, 255, 115, 255, 255, 255, 255, 150, 53, 119, 142, 255, 255, 255, 255, 255, 255, 255, 255, 255, 255, 255, 255, 255, 255, 255, 255, 255, 255, 255, 255, 255, 255, 255, 255, 255, 255)
3: (235, 247, 255, 255, 145, 222, 255, 255, 255, 255, 124, 233, 255, 255, 159, 62, 154, 255, 255, 255, 255, 235, 106, 230, 255, 255, 255, 255, 229, 142, 240, 255, 255, 255, 186, 176, 161, 106, 152, 131, 128, 255, 255, 252, 217, 239, 255, 255, 255, 255, 255, 255, 255, 255, 255, 255, 255, 255, 255, 255, 255, 255, 255, 255, 255, 255)
g: (255, 255, 255, 255, 255, 255, 251, 145, 112, 139, 209, 128, 113, 212, 255, 215, 53, 186, 141, 255, 255, 255, 144, 196, 152, 255, 255, 255, 156, 196, 103, 238, 255, 239, 57, 196, 236, 120, 116, 115, 154, 196, 255, 255, 255, 255, 162, 208, 255, 241, 234, 203, 91, 252, 255, 171, 140, 159, 247, 255, 255, 255, 255, 255, 255, 255)
C: (170, 138, 248, 247, 148, 71, 100, 255, 255, 255, 255, 155, 154, 255, 255, 255, 255, 255, 166, 255, 255, 255, 255, 255, 129, 255, 255, 255, 255, 255, 111, 230, 255, 255, 255, 156, 244, 106, 134, 160, 106, 192, 255, 255, 238, 214, 253, 255, 255, 255, 255, 255, 255, 255, 255, 255, 255, 255, 255, 255, 255, 255, 255, 255, 255, 255)
m: (255, 255, 255, 255, 255, 255, 172, 119, 158, 199, 111, 193, 54, 244, 135, 121, 254, 103, 136, 255, 168, 204, 255, 119, 136, 255, 168, 204, 255, 119, 136, 255, 168, 204, 255, 119, 63, 230, 168, 106, 255, 106, 255, 255, 255, 255, 255, 255, 255, 255, 255, 255, 255, 255, 255, 255, 255, 255, 255, 255, 255, 255, 255, 255, 255, 255)
+: (255, 255, 168, 218, 255, 255, 255, 255, 160, 212, 255, 255, 255, 255, 160, 212, 255, 255, 124, 119, 74, 98, 119, 148, 255, 255, 160, 212, 255, 255, 255, 255, 160, 212, 255, 255, 255, 255, 207, 236, 255, 255, 255, 255, 255, 255, 255, 255, 255, 255, 255, 255, 255, 255, 255, 255, 255, 255, 255, 255, 255, 255, 255, 255, 255, 255)
6: (255, 154, 184, 255, 255, 255, 247, 118, 255, 255, 255, 255, 201, 171, 134, 116, 146, 255, 198, 57, 211, 255, 183, 164, 231, 114, 255, 255, 255, 115, 255, 110, 254, 255, 233, 133, 255, 202, 106, 154, 100, 238, 255, 255, 247, 221, 253, 255, 255, 255, 255, 255, 255, 255, 255, 255, 255, 255, 255, 255, 255, 255, 255, 255, 255, 255)
5: (228, 144, 255, 255, 255, 255, 228, 143, 222, 217, 254, 255, 235, 82, 149, 150, 101, 251, 255, 255, 255, 255, 197, 168, 255, 255, 255, 255, 236, 140, 210, 255, 255, 255, 168, 193, 192, 100, 149, 129, 134, 255, 255, 254, 218, 239, 255, 255, 255, 255, 255, 255, 255, 255, 255, 255, 255, 255, 255, 255, 255, 255, 255, 255, 255, 255)
0: (209, 149, 255, 255, 105, 245, 144, 231, 255, 255, 171, 192, 119, 255, 255, 255, 204, 169, 118, 254, 255, 255, 205, 169, 138, 227, 255, 255, 179, 196, 204, 154, 255, 255, 110, 242, 255, 122, 136, 117, 161, 255, 255, 255, 230, 239, 255, 255, 255, 255, 255, 255, 255, 255, 255, 255, 255, 255, 255, 255, 255, 255, 255, 255, 255, 255)
O: (173, 132, 243, 242, 116, 206, 109, 255, 255, 255, 252, 98, 176, 255, 255, 255, 255, 128, 196, 255, 255, 255, 255, 148, 155, 255, 255, 255, 255, 114, 107, 243, 255, 255, 223, 118, 229, 94, 146, 146, 116, 245, 255, 255, 218, 229, 255, 255, 255, 255, 255, 255, 255, 255, 255, 255, 255, 255, 255, 255, 255, 255, 255, 255, 255, 255)
p: (255, 255, 255, 255, 255, 255, 142, 216, 112, 109, 161, 255, 98, 106, 245, 255, 179, 129, 96, 245, 255, 255, 255, 110, 101, 252, 255, 255, 255, 121, 97, 132, 255, 255, 217, 121, 119, 183, 108, 118, 136, 249, 119, 255, 255, 255, 255, 255, 109, 236, 249, 255, 255, 255, 140, 140, 201, 255, 255, 255, 255, 255, 255, 255, 255, 255)
q: (255, 255, 255, 255, 255, 255, 253, 152, 113, 120, 226, 128, 114, 202, 255, 236, 90, 121, 135, 255, 255, 255, 214, 128, 146, 255, 255, 255, 226, 128, 100, 232, 255, 252, 105, 128, 239, 123, 117, 107, 196, 128, 255, 255, 255, 255, 248, 128, 255, 255, 255, 246, 228, 117, 255, 255, 255, 185, 140, 140, 255, 255, 255, 255, 255, 255)
i: (255, 255, 233, 249, 255, 255, 230, 128, 128, 232, 255, 255, 255, 244, 160, 208, 255, 255, 255, 255, 168, 208, 255, 255, 255, 255, 168, 208, 255, 255, 255, 255, 168, 208, 255, 255, 159, 119, 77, 96, 119, 181, 255, 255, 255, 255, 255, 255, 255, 255, 255, 255, 255, 255, 255, 255, 255, 255, 255, 255, 255, 255, 255, 255, 255, 255)
/: (255, 255, 255, 214, 148, 255, 255, 255, 255, 115, 245, 255, 255, 255, 227, 135, 255, 255, 255, 255, 124, 237, 255, 255, 255, 238, 124, 255, 255, 255, 255, 136, 226, 255, 255, 255, 246, 116, 255, 255, 255, 255, 157, 213, 255, 255, 255, 255, 253, 255, 255, 255, 255, 255, 255, 255, 255, 255, 255, 255, 255, 255, 255, 255, 255, 255)
s: (255, 255, 255, 255, 255, 255, 255, 163, 114, 118, 166, 236, 179, 167, 255, 253, 115, 205, 219, 107, 178, 214, 246, 253, 255, 247, 202, 160, 95, 222, 144, 255, 255, 255, 223, 146, 107, 114, 153, 153, 98, 231, 255, 252, 219, 222, 254, 255, 255, 255, 255, 255, 255, 255, 255, 255, 255, 255, 255, 255, 255, 255, 255, 255, 255, 255)
k: (255, 119, 255, 255, 255, 255, 255, 119, 255, 195, 128, 153, 255, 119, 255, 138, 157, 248, 255, 112, 101, 193, 255, 255, 255, 92, 164, 131, 255, 255, 255, 119, 255, 189, 136, 255, 161, 80, 255, 255, 67, 92, 255, 255, 255, 255, 255, 255, 255, 255, 255, 255, 255, 255, 255, 255, 255, 255, 255, 255, 255, 255, 255, 255, 255, 255)
7: (214, 255, 255, 255, 125, 239, 255, 255, 255, 255, 109, 255, 255, 255, 255, 217, 149, 255, 255, 255, 255, 138, 227, 255, 255, 255, 255, 110, 255, 255, 255, 255, 231, 135, 255, 255, 255, 255, 163, 215, 255, 255, 255, 255, 255, 255, 255, 255, 255, 255, 255, 255, 255, 255, 255, 255, 255, 255, 255, 255, 255, 255, 255, 255, 255, 255)
K: (146, 188, 246, 253, 101, 184, 164, 212, 247, 110, 211, 255, 164, 194, 79, 225, 255, 255, 164, 81, 183, 104, 243, 255, 164, 210, 255, 232, 124, 255, 164, 212, 255, 255, 131, 236, 75, 98, 197, 255, 225, 79, 255, 255, 255, 255, 255, 255, 255, 255, 255, 255, 255, 255, 255, 255, 255, 255, 255, 255, 255, 255, 255, 255, 255, 255)
r: (255, 255, 255, 255, 255, 255, 187, 128, 222, 212, 120, 162, 251, 179, 99, 129, 248, 192, 255, 188, 143, 255, 255, 255, 255, 188, 188, 255, 255, 255, 255, 188, 188, 255, 255, 255, 145, 90, 87, 119, 133, 255, 255, 255, 255, 255, 255, 255, 255, 255, 255, 255, 255, 255, 255, 255, 255, 255, 255, 255, 255, 255, 255, 255, 255, 255)
a: (255, 255, 255, 255, 255, 255, 231, 140, 114, 119, 221, 255, 230, 229, 255, 249, 106, 255, 255, 205, 163, 170, 92, 255, 120, 157, 210, 207, 85, 255, 125, 255, 255, 253, 85, 255, 115, 153, 151, 110, 73, 126, 255, 221, 231, 255, 255, 255, 255, 255, 255, 255, 255, 255, 255, 255, 255, 255, 255, 255, 255, 255, 255, 255, 255, 255)
f: (255, 255, 112, 255, 255, 255, 201, 128, 59, 128, 128, 214, 253, 244, 113, 244, 244, 254, 255, 255, 119, 255, 255, 255, 255, 255, 119, 255, 255, 255, 255, 255, 119, 255, 255, 255, 180, 119, 55, 119, 119, 234, 255, 255, 255, 255, 255, 255, 255, 255, 255, 255, 255, 255, 255, 255, 255, 255, 255, 255, 255, 255, 255, 255, 255, 255)
S: (194, 134, 251, 242, 91, 168, 129, 244, 255, 255, 226, 206, 208, 113, 209, 251, 255, 255, 255, 242, 175, 126, 109, 236, 240, 255, 255, 255, 232, 123, 87, 252, 255, 255, 235, 129, 99, 106, 157, 149, 100, 238, 255, 254, 223, 225, 255, 255, 255, 255, 255, 255, 255, 255, 255, 255, 255, 255, 255, 255, 255, 255, 255, 255, 255, 255)
G: (178, 129, 245, 253, 180, 66, 100, 255, 255, 255, 255, 200, 157, 255, 255, 255, 255, 255, 167, 255, 255, 191, 181, 183, 136, 255, 255, 202, 192, 89, 103, 244, 255, 255, 255, 119, 232, 106, 136, 162, 128, 132, 255, 255, 240, 214, 245, 255, 255, 255, 255, 255, 255, 255, 255, 255, 255, 255, 255, 255, 255, 255, 255, 255, 255, 255)
c: (255, 255, 255, 255, 255, 255, 255, 197, 117, 117, 175, 198, 178, 148, 254, 255, 177, 85, 110, 255, 255, 255, 255, 207, 115, 255, 255, 255, 255, 255, 115, 239, 255, 255, 255, 201, 234, 102, 146, 150, 113, 163, 255, 255, 228, 220, 252, 255, 255, 255, 255, 255, 255, 255, 255, 255, 255, 255, 255, 255, 255, 255, 255, 255, 255, 255)
M: (68, 169, 255, 255, 141, 85, 131, 107, 255, 252, 116, 119, 132, 164, 200, 172, 197, 119, 132, 250, 113, 113, 255, 119, 132, 255, 155, 175, 255, 119, 132, 255, 255, 255, 255, 119, 60, 155, 255, 255, 135, 55, 255, 255, 255, 255, 255, 255, 255, 255, 255, 255, 255, 255, 255, 255, 255, 255, 255, 255, 255, 255, 255, 255, 255, 255)
O: (124, 173, 251, 224, 98, 241, 151, 255, 255, 255, 221, 130, 239, 255, 255, 255, 255, 110, 254, 255, 255, 255, 255, 115, 219, 255, 255, 255, 255, 108, 111, 254, 255, 255, 168, 174, 193, 97, 156, 132, 142, 255, 255, 250, 212, 240, 255, 255, 255, 255, 255, 255, 255, 255, 255, 255, 255, 255, 255, 255, 255, 255, 255, 255, 255, 255)
R: (102, 228, 227, 190, 99, 252, 115, 255, 255, 255, 166, 207, 115, 255, 255, 230, 97, 244, 104, 119, 102, 62, 236, 255, 115, 255, 255, 176, 156, 255, 115, 255, 255, 255, 134, 220, 53, 119, 232, 255, 248, 87, 255, 255, 255, 255, 255, 255, 255, 255, 255, 255, 255, 255, 255, 255, 255, 255, 255, 255, 255, 255, 255, 255, 255, 255)
Q: (124, 173, 251, 224, 98, 244, 151, 255, 255, 255, 221, 132, 239, 255, 255, 255, 255, 119, 254, 255, 255, 255, 255, 119, 219, 255, 255, 255, 255, 111, 105, 254, 255, 255, 168, 183, 196, 99, 156, 129, 141, 255, 251, 117, 73, 175, 237, 188, 221, 158, 201, 182, 139, 202, 255, 255, 255, 255, 255, 255, 255, 255, 255, 255, 255, 255)
d: (255, 255, 255, 255, 184, 188, 239, 128, 110, 150, 181, 188, 94, 227, 255, 204, 58, 188, 193, 255, 255, 255, 141, 188, 221, 255, 255, 255, 169, 188, 140, 255, 255, 255, 84, 188, 153, 116, 158, 105, 122, 87, 255, 241, 212, 249, 255, 255, 255, 255, 255, 255, 255, 255, 255, 255, 255, 255, 255, 255, 255, 255, 255, 255, 255, 255)
P: (219, 113, 228, 220, 137, 172, 244, 128, 255, 255, 255, 116, 244, 128, 255, 255, 232, 118, 244, 59, 119, 119, 120, 240, 244, 128, 255, 255, 255, 255, 244, 128, 255, 255, 255, 255, 117, 59, 119, 176, 255, 255, 255, 255, 255, 255, 255, 255, 255, 255, 255, 255, 255, 255, 255, 255, 255, 255, 255, 255, 255, 255, 255, 255, 255, 255)
5: (164, 208, 255, 255, 255, 255, 164, 204, 212, 229, 255, 255, 182, 104, 159, 131, 139, 255, 255, 255, 255, 255, 136, 230, 255, 255, 255, 255, 172, 204, 210, 255, 255, 255, 118, 243, 151, 111, 154, 113, 175, 255, 255, 247, 217, 247, 255, 255, 255, 255, 255, 255, 255, 255, 255, 255, 255, 255, 255, 255, 255, 255, 255, 255, 255, 255)
C: (122, 179, 254, 234, 113, 119, 141, 255, 255, 255, 247, 163, 218, 255, 255, 255, 255, 255, 230, 255, 255, 255, 255, 255, 192, 255, 255, 255, 255, 255, 100, 250, 255, 255, 245, 167, 217, 97, 148, 150, 103, 227, 255, 255, 226, 223, 255, 255, 255, 255, 255, 255, 255, 255, 255, 255, 255, 255, 255, 255, 255, 255, 255, 255, 255, 255)
N: (55, 169, 255, 243, 167, 170, 119, 108, 244, 255, 188, 188, 119, 223, 131, 255, 188, 188, 119, 255, 134, 219, 188, 188, 119, 255, 247, 107, 187, 188, 119, 255, 255, 176, 110, 188, 55, 133, 255, 255, 74, 188, 255, 255, 255, 255, 255, 255, 255, 255, 255, 255, 255, 255, 255, 255, 255, 255, 255, 255, 255, 255, 255, 255, 255, 255)
E: (102, 228, 228, 228, 167, 188, 115, 255, 255, 252, 210, 210, 112, 224, 188, 166, 255, 255, 106, 152, 124, 164, 255, 255, 115, 255, 245, 228, 255, 204, 115, 255, 255, 255, 255, 119, 53, 119, 119, 119, 119, 116, 255, 255, 255, 255, 255, 255, 255, 255, 255, 255, 255, 255, 255, 255, 255, 255, 255, 255, 255, 255, 255, 255, 255, 255)
/: (255, 255, 255, 152, 209, 255, 255, 255, 252, 109, 255, 255, 255, 255, 169, 194, 255, 255, 255, 255, 106, 255, 255, 255, 255, 186, 177, 255, 255, 255, 255, 107, 254, 255, 255, 255, 203, 160, 255, 255, 255, 255, 119, 250, 255, 255, 255, 255, 253, 255, 255, 255, 255, 255, 255, 255, 255, 255, 255, 255, 255, 255, 255, 255, 255, 255)
b: (119, 255, 255, 255, 255, 255, 119, 197, 110, 116, 207, 255, 60, 138, 254, 251, 118, 202, 76, 255, 255, 255, 253, 114, 104, 255, 255, 255, 255, 119, 44, 232, 255, 255, 218, 141, 89, 101, 147, 141, 110, 249, 255, 255, 221, 231, 255, 255, 255, 255, 255, 255, 255, 255, 255, 255, 255, 255, 255, 255, 255, 255, 255, 255, 255, 255)
T: (185, 228, 102, 228, 228, 116, 208, 255, 115, 255, 255, 119, 246, 255, 115, 255, 255, 225, 255, 255, 115, 255, 255, 255, 255, 255, 115, 255, 255, 255, 255, 255, 115, 255, 255, 255, 218, 119, 53, 119, 179, 255, 255, 255, 255, 255, 255, 255, 255, 255, 255, 255, 255, 255, 255, 255, 255, 255, 255, 255, 255, 255, 255, 255, 255, 255)
c: (255, 255, 255, 255, 255, 255, 255, 164, 116, 120, 197, 209, 130, 195, 255, 251, 120, 148, 120, 255, 255, 255, 246, 217, 146, 255, 255, 255, 255, 255, 100, 255, 255, 255, 254, 203, 201, 103, 156, 138, 108, 201, 255, 253, 218, 229, 255, 255, 255, 255, 255, 255, 255, 255, 255, 255, 255, 255, 255, 255, 255, 255, 255, 255, 255, 255)
M: (73, 227, 255, 255, 113, 105, 175, 129, 255, 217, 152, 119, 196, 117, 245, 124, 244, 119, 196, 212, 138, 129, 255, 119, 196, 255, 105, 223, 255, 119, 196, 255, 255, 255, 255, 119, 90, 189, 255, 236, 120, 55, 255, 255, 255, 255, 255, 255, 255, 255, 255, 255, 255, 255, 255, 255, 255, 255, 255, 255, 255, 255, 255, 255, 255, 255)
U: (105, 234, 255, 243, 160, 178, 119, 255, 255, 255, 180, 196, 119, 255, 255, 255, 180, 196, 119, 255, 255, 255, 180, 196, 117, 255, 255, 255, 176, 200, 107, 249, 255, 255, 121, 240, 216, 94, 156, 114, 167, 255, 255, 251, 213, 243, 255, 255, 255, 255, 255, 255, 255, 255, 255, 255, 255, 255, 255, 255, 255, 255, 255, 255, 255, 255)
j: (255, 255, 242, 240, 255, 255, 131, 128, 128, 130, 255, 255, 246, 244, 244, 113, 255, 255, 255, 255, 255, 119, 255, 255, 255, 255, 255, 119, 255, 255, 255, 255, 255, 119, 255, 255, 255, 255, 255, 119, 255, 255, 255, 255, 255, 115, 255, 255, 234, 234, 195, 110, 255, 255, 142, 140, 173, 251, 255, 255, 255, 255, 255, 255, 255, 255)
n: (255, 255, 255, 255, 255, 255, 138, 205, 117, 115, 225, 255, 99, 129, 253, 246, 101, 255, 117, 255, 255, 255, 118, 255, 119, 255, 255, 255, 119, 255, 119, 255, 255, 255, 119, 255, 55, 147, 255, 221, 55, 159, 255, 255, 255, 255, 255, 255, 255, 255, 255, 255, 255, 255, 255, 255, 255, 255, 255, 255, 255, 255, 255, 255, 255, 255)
G: (128, 170, 253, 246, 138, 115, 138, 255, 255, 255, 255, 201, 221, 255, 255, 255, 255, 255, 231, 255, 247, 181, 181, 185, 200, 255, 249, 193, 192, 91, 111, 255, 255, 255, 255, 119, 202, 103, 145, 159, 119, 166, 255, 255, 231, 218, 251, 255, 255, 255, 255, 255, 255, 255, 255, 255, 255, 255, 255, 255, 255, 255, 255, 255, 255, 255)
+: (255, 255, 130, 255, 255, 255, 255, 255, 115, 255, 255, 255, 255, 255, 115, 255, 255, 255, 119, 119, 53, 119, 119, 182, 255, 255, 115, 255, 255, 255, 255, 255, 115, 255, 255, 255, 255, 255, 188, 255, 255, 255, 255, 255, 255, 255, 255, 255, 255, 255, 255, 255, 255, 255, 255, 255, 255, 255, 255, 255, 255, 255, 255, 255, 255, 255)
p: (255, 255, 255, 255, 255, 255, 174, 184, 108, 110, 195, 255, 51, 147, 255, 252, 125, 185, 85, 255, 255, 255, 255, 110, 97, 255, 255, 255, 255, 118, 41, 188, 255, 255, 170, 169, 118, 145, 111, 118, 164, 255, 119, 255, 255, 255, 255, 255, 109, 236, 253, 255, 255, 255, 140, 140, 230, 255, 255, 255, 255, 255, 255, 255, 255, 255)
m: (255, 255, 255, 255, 255, 255, 174, 114, 192, 163, 112, 227, 107, 255, 79, 177, 243, 115, 200, 255, 115, 255, 255, 119, 200, 255, 115, 255, 255, 119, 200, 255, 115, 255, 255, 119, 101, 255, 108, 165, 255, 72, 255, 255, 255, 255, 255, 255, 255, 255, 255, 255, 255, 255, 255, 255, 255, 255, 255, 255, 255, 255, 255, 255, 255, 255)
q: (255, 255, 255, 255, 255, 255, 239, 130, 111, 140, 212, 128, 95, 230, 255, 210, 52, 183, 198, 255, 255, 255, 150, 192, 210, 255, 255, 255, 162, 192, 103, 249, 255, 237, 56, 192, 215, 113, 115, 114, 161, 192, 255, 255, 255, 255, 184, 192, 255, 255, 255, 241, 169, 177, 255, 255, 255, 156, 140, 140, 255, 255, 255, 255, 255, 255)
Y: (97, 232, 255, 253, 96, 224, 230, 120, 255, 181, 172, 255, 255, 162, 173, 111, 255, 255, 255, 255, 72, 231, 255, 255, 255, 255, 115, 255, 255, 255, 255, 255, 115, 255, 255, 255, 221, 119, 53, 119, 177, 255, 255, 255, 255, 255, 255, 255, 255, 255, 255, 255, 255, 255, 255, 255, 255, 255, 255, 255, 255, 255, 255, 255, 255, 255)
W: (199, 241, 255, 250, 228, 109, 196, 255, 82, 224, 255, 121, 168, 220, 113, 151, 243, 135, 139, 149, 220, 116, 214, 163, 119, 114, 255, 123, 179, 191, 114, 120, 255, 185, 89, 219, 75, 181, 255, 248, 17, 246, 255, 255, 255, 255, 255, 255, 255, 255, 255, 255, 255, 255, 255, 255, 255, 255, 255, 255, 255, 255, 255, 255, 255, 255)
v: (255, 255, 255, 255, 255, 255, 128, 159, 255, 195, 128, 129, 105, 249, 255, 252, 124, 221, 171, 196, 255, 249, 113, 255, 252, 114, 255, 162, 201, 255, 255, 144, 222, 108, 255, 255, 255, 241, 65, 169, 255, 255, 255, 255, 255, 255, 255, 255, 255, 255, 255, 255, 255, 255, 255, 255, 255, 255, 255, 255, 255, 255, 255, 255, 255, 255)
Z: (111, 228, 228, 222, 91, 255, 123, 255, 255, 132, 216, 255, 255, 255, 192, 156, 255, 255, 255, 239, 109, 255, 255, 255, 255, 111, 236, 255, 204, 217, 160, 188, 255, 255, 180, 196, 63, 119, 119, 119, 83, 196, 255, 255, 255, 255, 255, 255, 255, 255, 255, 255, 255, 255, 255, 255, 255, 255, 255, 255, 255, 255, 255, 255, 255, 255)
s: (255, 255, 255, 255, 255, 255, 246, 137, 115, 126, 173, 255, 125, 220, 255, 244, 74, 255, 174, 130, 187, 226, 246, 255, 255, 237, 193, 145, 102, 250, 144, 255, 255, 255, 159, 210, 68, 124, 160, 139, 113, 252, 255, 246, 213, 231, 255, 255, 255, 255, 255, 255, 255, 255, 255, 255, 255, 255, 255, 255, 255, 255, 255, 255, 255, 255)
e: (255, 255, 255, 255, 255, 255, 245, 138, 116, 130, 237, 255, 98, 224, 255, 232, 98, 244, 159, 216, 216, 216, 183, 157, 126, 160, 160, 160, 160, 208, 123, 255, 255, 255, 255, 245, 184, 108, 158, 141, 96, 193, 255, 253, 218, 224, 255, 255, 255, 255, 255, 255, 255, 255, 255, 255, 255, 255, 255, 255, 255, 255, 255, 255, 255, 255)
k: (255, 119, 255, 255, 255, 255, 255, 119, 255, 163, 128, 185, 255, 119, 245, 103, 198, 251, 255, 92, 87, 228, 255, 255, 255, 69, 140, 178, 255, 255, 255, 119, 255, 141, 183, 255, 126, 114, 255, 231, 36, 115, 255, 255, 255, 255, 255, 255, 255, 255, 255, 255, 255, 255, 255, 255, 255, 255, 255, 255, 255, 255, 255, 255, 255, 255)
f: (255, 209, 160, 255, 255, 255, 169, 97, 89, 128, 129, 244, 250, 186, 171, 244, 245, 255, 255, 196, 180, 255, 255, 255, 255, 196, 180, 255, 255, 255, 255, 196, 180, 255, 255, 255, 146, 90, 83, 119, 132, 255, 255, 255, 255, 255, 255, 255, 255, 255, 255, 255, 255, 255, 255, 255, 255, 255, 255, 255, 255, 255, 255, 255, 255, 255)
z: (255, 255, 255, 255, 255, 255, 176, 128, 128, 128, 130, 255, 118, 244, 244, 189, 129, 255, 248, 255, 219, 115, 255, 255, 255, 233, 106, 251, 255, 255, 244, 103, 243, 255, 198, 239, 94, 95, 119, 119, 70, 223, 255, 255, 255, 255, 255, 255, 255, 255, 255, 255, 255, 255, 255, 255, 255, 255, 255, 255, 255, 255, 255, 255, 255, 255)
4: (255, 255, 105, 161, 208, 255, 255, 165, 192, 164, 208, 255, 245, 111, 255, 164, 208, 255, 133, 223, 255, 164, 208, 255, 97, 119, 119, 75, 111, 255, 255, 255, 255, 164, 208, 255, 255, 255, 169, 75, 110, 255, 255, 255, 255, 255, 255, 255, 255, 255, 255, 255, 255, 255, 255, 255, 255, 255, 255, 255, 255, 255, 255, 255, 255, 255)
3: (227, 255, 255, 255, 111, 255, 255, 255, 255, 253, 104, 255, 255, 255, 116, 50, 208, 255, 255, 255, 255, 214, 103, 254, 255, 255, 255, 255, 165, 206, 240, 255, 255, 255, 128, 234, 119, 118, 156, 116, 167, 255, 255, 245, 216, 247, 255, 255, 255, 255, 255, 255, 255, 255, 255, 255, 255, 255, 255, 255, 255, 255, 255, 255, 255, 255)
a: (255, 255, 255, 255, 255, 255, 208, 128, 114, 133, 243, 255, 217, 242, 255, 231, 124, 255, 252, 188, 161, 178, 108, 255, 96, 179, 214, 200, 103, 255, 188, 255, 255, 239, 99, 255, 99, 162, 138, 120, 66, 160, 250, 215, 241, 255, 255, 255, 255, 255, 255, 255, 255, 255, 255, 255, 255, 255, 255, 255, 255, 255, 255, 255, 255, 255)
i: (255, 255, 227, 255, 255, 255, 199, 128, 136, 255, 255, 255, 253, 244, 114, 255, 255, 255, 255, 255, 119, 255, 255, 255, 255, 255, 119, 255, 255, 255, 255, 255, 119, 255, 255, 255, 125, 119, 55, 119, 119, 215, 255, 255, 255, 255, 255, 255, 255, 255, 255, 255, 255, 255, 255, 255, 255, 255, 255, 255, 255, 255, 255, 255, 255, 255)
h: (119, 255, 255, 255, 255, 255, 119, 198, 125, 124, 229, 255, 98, 139, 254, 246, 103, 255, 117, 255, 255, 255, 118, 255, 119, 255, 255, 255, 119, 255, 119, 255, 255, 255, 119, 255, 55, 152, 255, 197, 55, 140, 255, 255, 255, 255, 255, 255, 255, 255, 255, 255, 255, 255, 255, 255, 255, 255, 255, 255, 255, 255, 255, 255, 255, 255)
X: (90, 233, 255, 253, 97, 216, 230, 110, 255, 159, 183, 255, 255, 192, 110, 135, 255, 255, 255, 240, 53, 196, 255, 255, 255, 108, 232, 107, 234, 255, 145, 197, 255, 241, 103, 252, 45, 177, 255, 218, 78, 87, 255, 255, 255, 255, 255, 255, 255, 255, 255, 255, 255, 255, 255, 255, 255, 255, 255, 255, 255, 255, 255, 255, 255, 255)
o: (255, 255, 255, 255, 255, 255, 252, 150, 115, 125, 234, 255, 109, 207, 255, 236, 98, 237, 159, 255, 255, 255, 233, 136, 189, 255, 255, 255, 254, 120, 117, 255, 255, 255, 176, 180, 188, 108, 158, 123, 140, 255, 255, 251, 217, 243, 255, 255, 255, 255, 255, 255, 255, 255, 255, 255, 255, 255, 255, 255, 255, 255, 255, 255, 255, 255)
8: (107, 255, 255, 243, 119, 255, 105, 255, 255, 245, 115, 255, 194, 97, 140, 90, 224, 255, 143, 159, 212, 135, 179, 255, 113, 255, 255, 255, 112, 255, 109, 255, 255, 251, 113, 255, 182, 115, 155, 104, 215, 255, 255, 247, 220, 251, 255, 255, 255, 255, 255, 255, 255, 255, 255, 255, 255, 255, 255, 255, 255, 255, 255, 255, 255, 255)
f: (255, 145, 224, 255, 255, 255, 137, 65, 121, 128, 150, 255, 247, 124, 232, 244, 248, 255, 255, 132, 244, 255, 255, 255, 255, 132, 244, 255, 255, 255, 255, 132, 244, 255, 255, 255, 122, 60, 113, 119, 166, 255, 255, 255, 255, 255, 255, 255, 255, 255, 255, 255, 255, 255, 255, 255, 255, 255, 255, 255, 255, 255, 255, 255, 255, 255)
q: (255, 255, 255, 255, 255, 255, 215, 118, 108, 170, 187, 131, 109, 248, 255, 169, 29, 246, 250, 255, 255, 255, 85, 255, 255, 255, 255, 255, 97, 255, 141, 255, 255, 207, 21, 255, 180, 114, 112, 134, 114, 255, 255, 255, 255, 255, 119, 255, 255, 255, 255, 236, 109, 238, 255, 255, 242, 141, 140, 142, 255, 255, 255, 255, 255, 255)
5: (115, 255, 255, 255, 255, 255, 115, 244, 208, 241, 255, 255, 134, 124, 162, 111, 182, 255, 255, 255, 255, 255, 109, 255, 255, 255, 255, 255, 119, 255, 227, 255, 255, 252, 108, 255, 116, 124, 154, 102, 215, 255, 255, 238, 220, 253, 255, 255, 255, 255, 255, 255, 255, 255, 255, 255, 255, 255, 255, 255, 255, 255, 255, 255, 255, 255)
v: (255, 255, 255, 255, 255, 255, 128, 191, 255, 163, 128, 147, 119, 252, 255, 249, 102, 247, 122, 243, 255, 209, 154, 255, 218, 149, 255, 116, 246, 255, 255, 112, 232, 129, 255, 255, 255, 190, 56, 227, 255, 255, 255, 255, 255, 255, 255, 255, 255, 255, 255, 255, 255, 255, 255, 255, 255, 255, 255, 255, 255, 255, 255, 255, 255, 255)
J: (255, 246, 228, 217, 116, 230, 255, 255, 255, 244, 132, 255, 255, 255, 255, 244, 132, 255, 251, 255, 255, 244, 132, 255, 224, 255, 255, 243, 132, 255, 215, 255, 255, 196, 173, 255, 100, 138, 141, 123, 254, 255, 255, 225, 227, 255, 255, 255, 255, 255, 255, 255, 255, 255, 255, 255, 255, 255, 255, 255, 255, 255, 255, 255, 255, 255)
e: (255, 255, 255, 255, 255, 255, 224, 123, 116, 150, 252, 255, 107, 243, 255, 206, 112, 255, 206, 216, 216, 216, 129, 221, 159, 160, 160, 160, 160, 232, 175, 255, 255, 255, 251, 249, 145, 120, 161, 129, 95, 229, 255, 247, 212, 235, 255, 255, 255, 255, 255, 255, 255, 255, 255, 255, 255, 255, 255, 255, 255, 255, 255, 255, 255, 255)
x: (255, 255, 255, 255, 255, 255, 128, 221, 255, 133, 129, 245, 97, 240, 255, 129, 187, 255, 238, 106, 124, 197, 255, 255, 254, 117, 94, 233, 255, 255, 115, 209, 244, 107, 229, 255, 78, 222, 255, 120, 40, 209, 255, 255, 255, 255, 255, 255, 255, 255, 255, 255, 255, 255, 255, 255, 255, 255, 255, 255, 255, 255, 255, 255, 255, 255)
w: (255, 255, 255, 255, 255, 255, 165, 255, 255, 201, 128, 177, 249, 250, 242, 253, 117, 247, 236, 159, 96, 255, 121, 255, 181, 112, 126, 236, 128, 255, 110, 133, 208, 109, 175, 255, 58, 216, 255, 44, 231, 255, 255, 255, 255, 255, 255, 255, 255, 255, 255, 255, 255, 255, 255, 255, 255, 255, 255, 255, 255, 255, 255, 255, 255, 255)
z: (255, 255, 255, 255, 255, 255, 128, 128, 128, 128, 194, 255, 143, 244, 242, 102, 224, 255, 248, 255, 126, 208, 255, 255, 255, 147, 188, 255, 255, 255, 169, 167, 255, 255, 181, 255, 42, 119, 119, 119, 105, 255, 255, 255, 255, 255, 255, 255, 255, 255, 255, 255, 255, 255, 255, 255, 255, 255, 255, 255, 255, 255, 255, 255, 255, 255)
d: (255, 255, 255, 255, 115, 255, 185, 109, 114, 215, 115, 255, 150, 255, 249, 116, 84, 255, 255, 255, 255, 250, 77, 255, 255, 255, 255, 255, 100, 255, 240, 255, 255, 209, 63, 255, 96, 150, 139, 114, 79, 155, 255, 218, 229, 255, 255, 255, 255, 255, 255, 255, 255, 255, 255, 255, 255, 255, 255, 255, 255, 255, 255, 255, 255, 255)
b: (220, 255, 255, 255, 255, 255, 210, 135, 112, 144, 250, 255, 76, 220, 255, 210, 106, 255, 177, 255, 255, 255, 153, 214, 205, 255, 255, 255, 181, 195, 120, 255, 255, 255, 116, 242, 133, 112, 158, 108, 187, 255, 255, 243, 214, 250, 255, 255, 255, 255, 255, 255, 255, 255, 255, 255, 255, 255, 255, 255, 255, 255, 255, 255, 255, 255)
3: (232, 255, 255, 209, 158, 255, 255, 255, 255, 183, 175, 255, 255, 197, 80, 97, 255, 255, 255, 255, 247, 139, 185, 255, 255, 255, 255, 255, 115, 255, 255, 255, 255, 235, 126, 255, 98, 143, 147, 104, 240, 255, 255, 225, 228, 255, 255, 255, 255, 255, 255, 255, 255, 255, 255, 255, 255, 255, 255, 255, 255, 255, 255, 255, 255, 255)
0: (109, 255, 255, 155, 196, 255, 167, 255, 255, 235, 128, 255, 193, 255, 255, 255, 117, 255, 193, 255, 255, 255, 118, 255, 163, 255, 255, 243, 132, 255, 109, 255, 255, 158, 194, 255, 167, 115, 140, 114, 255, 255, 255, 241, 228, 255, 255, 255, 255, 255, 255, 255, 255, 255, 255, 255, 255, 255, 255, 255, 255, 255, 255, 255, 255, 255)
n: (255, 255, 255, 255, 255, 255, 196, 143, 113, 158, 255, 255, 42, 216, 255, 174, 174, 255, 146, 255, 255, 246, 128, 255, 148, 255, 255, 248, 128, 255, 148, 255, 255, 248, 128, 255, 68, 215, 255, 149, 59, 226, 255, 255, 255, 255, 255, 255, 255, 255, 255, 255, 255, 255, 255, 255, 255, 255, 255, 255, 255, 255, 255, 255, 255, 255)
8: (121, 255, 255, 192, 170, 255, 124, 255, 255, 197, 164, 255, 151, 111, 134, 101, 249, 255, 107, 185, 207, 106, 224, 255, 168, 255, 255, 244, 124, 255, 146, 255, 255, 223, 142, 255, 143, 130, 150, 104, 246, 255, 255, 238, 225, 255, 255, 255, 255, 255, 255, 255, 255, 255, 255, 255, 255, 255, 255, 255, 255, 255, 255, 255, 255, 255)
S: (101, 239, 252, 145, 104, 255, 180, 255, 255, 255, 177, 255, 101, 193, 245, 255, 255, 255, 252, 191, 135, 107, 204, 255, 255, 255, 255, 253, 103, 255, 228, 255, 255, 254, 109, 255, 111, 145, 159, 105, 203, 255, 255, 234, 217, 250, 255, 255, 255, 255, 255, 255, 255, 255, 255, 255, 255, 255, 255, 255, 255, 255, 255, 255, 255, 255)
E: (131, 228, 228, 228, 112, 255, 148, 255, 252, 255, 164, 255, 129, 224, 114, 255, 255, 255, 86, 152, 84, 255, 255, 255, 148, 255, 218, 255, 206, 253, 148, 255, 255, 255, 132, 244, 68, 119, 119, 119, 60, 244, 255, 255, 255, 255, 255, 255, 255, 255, 255, 255, 255, 255, 255, 255, 255, 255, 255, 255, 255, 255, 255, 255, 255, 255)
T: (228, 199, 131, 228, 135, 224, 255, 224, 148, 255, 152, 224, 255, 224, 148, 255, 230, 251, 255, 224, 148, 255, 255, 255, 255, 224, 148, 255, 255, 255, 255, 224, 148, 255, 255, 255, 150, 104, 68, 121, 244, 255, 255, 255, 255, 255, 255, 255, 255, 255, 255, 255, 255, 255, 255, 255, 255, 255, 255, 255, 255, 255, 255, 255, 255, 255)
6: (208, 130, 255, 255, 255, 255, 111, 254, 255, 255, 255, 255, 120, 167, 113, 123, 243, 255, 48, 162, 255, 228, 118, 255, 90, 255, 255, 255, 115, 255, 130, 235, 255, 254, 111, 255, 237, 100, 154, 106, 203, 255, 255, 253, 220, 248, 255, 255, 255, 255, 255, 255, 255, 255, 255, 255, 255, 255, 255, 255, 255, 255, 255, 255, 255, 255)
q: (255, 255, 255, 255, 255, 255, 184, 115, 111, 203, 156, 159, 157, 255, 251, 119, 79, 249, 255, 255, 255, 253, 87, 255, 255, 255, 255, 255, 97, 255, 197, 255, 255, 156, 73, 255, 145, 118, 110, 166, 119, 255, 255, 255, 255, 255, 119, 255, 255, 255, 251, 236, 109, 243, 255, 255, 214, 140, 140, 167, 255, 255, 255, 255, 255, 255)
X: (137, 255, 255, 198, 118, 249, 135, 206, 243, 102, 251, 255, 253, 104, 104, 230, 255, 255, 255, 144, 91, 254, 255, 255, 202, 140, 200, 141, 255, 255, 105, 254, 255, 153, 189, 255, 103, 243, 255, 150, 40, 192, 255, 255, 255, 255, 255, 255, 255, 255, 255, 255, 255, 255, 255, 255, 255, 255, 255, 255, 255, 255, 255, 255, 255, 255)
r: (255, 255, 255, 255, 255, 255, 128, 190, 236, 130, 135, 248, 240, 77, 102, 232, 219, 226, 252, 81, 253, 255, 255, 255, 252, 123, 255, 255, 255, 255, 252, 123, 255, 255, 255, 255, 121, 57, 119, 120, 234, 255, 255, 255, 255, 255, 255, 255, 255, 255, 255, 255, 255, 255, 255, 255, 255, 255, 255, 255, 255, 255, 255, 255, 255, 255)
L: (229, 102, 228, 244, 255, 255, 255, 115, 255, 255, 255, 255, 255, 115, 255, 255, 255, 255, 255, 115, 255, 255, 255, 255, 255, 115, 255, 255, 255, 138, 255, 115, 255, 255, 255, 132, 120, 53, 119, 119, 119, 60, 255, 255, 255, 255, 255, 255, 255, 255, 255, 255, 255, 255, 255, 255, 255, 255, 255, 255, 255, 255, 255, 255, 255, 255)
I: (245, 228, 146, 188, 228, 251, 255, 255, 164, 212, 255, 255, 255, 255, 164, 212, 255, 255, 255, 255, 164, 212, 255, 255, 255, 255, 164, 212, 255, 255, 255, 255, 164, 212, 255, 255, 193, 119, 75, 98, 119, 219, 255, 255, 255, 255, 255, 255, 255, 255, 255, 255, 255, 255, 255, 255, 255, 255, 255, 255, 255, 255, 255, 255, 255, 255)
y: (255, 255, 255, 255, 255, 255, 131, 130, 248, 255, 175, 128, 171, 176, 255, 255, 247, 105, 254, 105, 255, 255, 165, 198, 255, 174, 188, 254, 110, 255, 255, 254, 108, 170, 194, 255, 255, 255, 175, 85, 255, 255, 255, 255, 177, 190, 255, 255, 239, 236, 102, 244, 255, 255, 144, 140, 140, 176, 255, 255, 255, 255, 255, 255, 255, 255)
A: (241, 224, 105, 113, 255, 255, 255, 183, 187, 135, 233, 255, 255, 114, 253, 225, 145, 255, 240, 124, 252, 252, 112, 255, 154, 114, 123, 123, 91, 206, 111, 255, 255, 255, 246, 124, 56, 158, 255, 255, 133, 53, 255, 255, 255, 255, 255, 255, 255, 255, 255, 255, 255, 255, 255, 255, 255, 255, 255, 255, 255, 255, 255, 255, 255, 255)
b: (119, 255, 255, 255, 255, 255, 119, 225, 118, 113, 174, 255, 105, 104, 242, 255, 170, 147, 93, 239, 255, 255, 255, 111, 105, 255, 255, 255, 255, 122, 91, 185, 255, 255, 248, 109, 69, 128, 130, 154, 101, 224, 255, 255, 233, 220, 254, 255, 255, 255, 255, 255, 255, 255, 255, 255, 255, 255, 255, 255, 255, 255, 255, 255, 255, 255)
X: (121, 194, 255, 255, 141, 171, 252, 102, 241, 211, 132, 255, 255, 233, 104, 102, 252, 255, 255, 255, 97, 137, 255, 255, 255, 149, 193, 147, 194, 255, 199, 143, 255, 255, 111, 231, 41, 142, 255, 248, 110, 52, 255, 255, 255, 255, 255, 255, 255, 255, 255, 255, 255, 255, 255, 255, 255, 255, 255, 255, 255, 255, 255, 255, 255, 255)
T: (128, 228, 142, 188, 228, 109, 144, 255, 160, 212, 255, 119, 228, 255, 160, 212, 255, 225, 255, 255, 160, 212, 255, 255, 255, 255, 160, 212, 255, 255, 255, 255, 160, 212, 255, 255, 248, 122, 74, 98, 145, 255, 255, 255, 255, 255, 255, 255, 255, 255, 255, 255, 255, 255, 255, 255, 255, 255, 255, 255, 255, 255, 255, 255, 255, 255)
R: (142, 188, 228, 209, 98, 227, 160, 212, 255, 255, 230, 143, 160, 212, 255, 246, 121, 204, 160, 98, 115, 39, 211, 255, 160, 212, 255, 217, 114, 255, 160, 212, 255, 255, 189, 166, 74, 98, 198, 255, 255, 113, 255, 255, 255, 255, 255, 255, 255, 255, 255, 255, 255, 255, 255, 255, 255, 255, 255, 255, 255, 255, 255, 255, 255, 255)
V: (107, 237, 255, 255, 231, 98, 122, 248, 255, 255, 214, 153, 206, 167, 255, 255, 125, 241, 255, 116, 255, 251, 115, 255, 255, 151, 222, 177, 191, 255, 255, 240, 134, 111, 254, 255, 255, 255, 115, 135, 255, 255, 255, 255, 255, 255, 255, 255, 255, 255, 255, 255, 255, 255, 255, 255, 255, 255, 255, 255, 255, 255, 255, 255, 255, 255)
H: (149, 189, 253, 251, 160, 177, 164, 212, 255, 255, 180, 192, 164, 185, 224, 224, 157, 192, 164, 124, 152, 152, 105, 192, 164, 212, 255, 255, 180, 192, 164, 212, 255, 255, 180, 192, 75, 99, 234, 218, 83, 90, 255, 255, 255, 255, 255, 255, 255, 255, 255, 255, 255, 255, 255, 255, 255, 255, 255, 255, 255, 255, 255, 255, 255, 255)
o: (255, 255, 255, 255, 255, 255, 255, 181, 115, 116, 208, 255, 150, 168, 255, 251, 124, 195, 113, 255, 255, 255, 255, 113, 126, 255, 255, 255, 255, 119, 107, 249, 255, 255, 226, 130, 224, 103, 152, 140, 109, 245, 255, 255, 224, 232, 255, 255, 255, 255, 255, 255, 255, 255, 255, 255, 255, 255, 255, 255, 255, 255, 255, 255, 255, 255)
2: (130, 237, 255, 255, 131, 231, 255, 255, 255, 255, 149, 217, 255, 255, 255, 221, 116, 255, 255, 255, 217, 108, 250, 255, 255, 208, 108, 251, 255, 255, 198, 115, 252, 255, 252, 254, 47, 118, 119, 119, 85, 198, 255, 255, 255, 255, 255, 255, 255, 255, 255, 255, 255, 255, 255, 255, 255, 255, 255, 255, 255, 255, 255, 255, 255, 255)
e: (255, 255, 255, 255, 255, 255, 254, 163, 117, 120, 212, 255, 123, 193, 255, 248, 119, 207, 105, 216, 216, 216, 214, 115, 86, 160, 160, 160, 160, 184, 101, 250, 255, 255, 255, 245, 220, 103, 150, 151, 105, 151, 255, 255, 228, 215, 252, 255, 255, 255, 255, 255, 255, 255, 255, 255, 255, 255, 255, 255, 255, 255, 255, 255, 255, 255)
F: (233, 105, 228, 228, 228, 160, 255, 119, 255, 252, 255, 203, 255, 106, 224, 120, 242, 255, 255, 78, 152, 79, 240, 255, 255, 119, 255, 219, 254, 255, 255, 119, 255, 255, 255, 255, 133, 55, 119, 159, 255, 255, 255, 255, 255, 255, 255, 255, 255, 255, 255, 255, 255, 255, 255, 255, 255, 255, 255, 255, 255, 255, 255, 255, 255, 255)
8: (182, 181, 255, 255, 131, 232, 177, 185, 255, 255, 134, 227, 252, 107, 131, 114, 140, 255, 230, 103, 204, 190, 104, 251, 136, 232, 255, 255, 184, 185, 156, 209, 255, 255, 160, 205, 250, 108, 147, 133, 135, 255, 255, 255, 227, 236, 255, 255, 255, 255, 255, 255, 255, 255, 255, 255, 255, 255, 255, 255, 255, 255, 255, 255, 255, 255)
W: (142, 234, 255, 255, 229, 108, 132, 255, 133, 174, 255, 121, 117, 255, 112, 116, 255, 121, 118, 213, 157, 119, 252, 120, 119, 142, 228, 176, 190, 128, 120, 114, 255, 243, 95, 155, 132, 123, 255, 255, 73, 183, 255, 255, 255, 255, 255, 255, 255, 255, 255, 255, 255, 255, 255, 255, 255, 255, 255, 255, 255, 255, 255, 255, 255, 255)
0: (147, 211, 255, 252, 99, 255, 119, 255, 255, 255, 109, 252, 118, 255, 255, 255, 140, 233, 117, 255, 255, 255, 141, 233, 109, 255, 255, 255, 120, 253, 142, 216, 255, 250, 101, 255, 245, 96, 147, 96, 207, 255, 255, 254, 223, 248, 255, 255, 255, 255, 255, 255, 255, 255, 255, 255, 255, 255, 255, 255, 255, 255, 255, 255, 255, 255)
H: (106, 233, 255, 243, 102, 241, 119, 255, 255, 255, 115, 255, 116, 224, 224, 224, 100, 255, 110, 152, 152, 152, 67, 255, 119, 255, 255, 255, 115, 255, 119, 255, 255, 255, 115, 255, 55, 132, 255, 184, 53, 138, 255, 255, 255, 255, 255, 255, 255, 255, 255, 255, 255, 255, 255, 255, 255, 255, 255, 255, 255, 255, 255, 255, 255, 255)
A: (234, 186, 119, 145, 255, 255, 255, 128, 241, 112, 255, 255, 253, 115, 255, 163, 207, 255, 185, 179, 252, 242, 123, 255, 112, 123, 123, 123, 80, 249, 125, 255, 255, 255, 198, 174, 86, 192, 255, 234, 119, 54, 255, 255, 255, 255, 255, 255, 255, 255, 255, 255, 255, 255, 255, 255, 255, 255, 255, 255, 255, 255, 255, 255, 255, 255)
D: (128, 206, 228, 200, 96, 225, 144, 232, 255, 255, 243, 109, 144, 232, 255, 255, 255, 122, 144, 232, 255, 255, 255, 119, 144, 232, 255, 255, 255, 116, 144, 232, 255, 255, 196, 143, 67, 107, 119, 114, 139, 254, 255, 255, 255, 255, 255, 255, 255, 255, 255, 255, 255, 255, 255, 255, 255, 255, 255, 255, 255, 255, 255, 255, 255, 255)
I: (238, 228, 105, 228, 230, 255, 255, 255, 119, 255, 255, 255, 255, 255, 119, 255, 255, 255, 255, 255, 119, 255, 255, 255, 255, 255, 119, 255, 255, 255, 255, 255, 119, 255, 255, 255, 159, 119, 55, 119, 123, 249, 255, 255, 255, 255, 255, 255, 255, 255, 255, 255, 255, 255, 255, 255, 255, 255, 255, 255, 255, 255, 255, 255, 255, 255)
t: (255, 115, 255, 255, 255, 255, 128, 57, 128, 128, 162, 255, 244, 109, 244, 244, 249, 255, 255, 115, 255, 255, 255, 255, 255, 115, 255, 255, 255, 255, 255, 114, 255, 255, 255, 255, 255, 122, 148, 155, 120, 176, 255, 255, 224, 223, 254, 255, 255, 255, 255, 255, 255, 255, 255, 255, 255, 255, 255, 255, 255, 255, 255, 255, 255, 255)
F: (189, 146, 228, 228, 228, 106, 212, 164, 255, 252, 255, 164, 212, 143, 224, 115, 255, 255, 212, 96, 152, 89, 255, 255, 212, 164, 255, 217, 255, 255, 212, 164, 255, 255, 255, 255, 99, 75, 119, 193, 255, 255, 255, 255, 255, 255, 255, 255, 255, 255, 255, 255, 255, 255, 255, 255, 255, 255, 255, 255, 255, 255, 255, 255, 255, 255)
S: (140, 185, 255, 224, 46, 232, 116, 255, 255, 255, 187, 245, 160, 145, 223, 255, 255, 255, 255, 227, 160, 122, 125, 253, 241, 255, 255, 255, 172, 184, 103, 255, 255, 255, 175, 189, 75, 117, 161, 134, 122, 255, 255, 250, 216, 235, 255, 255, 255, 255, 255, 255, 255, 255, 255, 255, 255, 255, 255, 255, 255, 255, 255, 255, 255, 255)
J: (255, 253, 228, 228, 105, 228, 255, 255, 255, 255, 119, 255, 255, 255, 255, 255, 119, 255, 234, 255, 255, 255, 119, 255, 160, 255, 255, 255, 119, 255, 151, 255, 255, 243, 124, 255, 123, 120, 152, 108, 234, 255, 255, 237, 218, 253, 255, 255, 255, 255, 255, 255, 255, 255, 255, 255, 255, 255, 255, 255, 255, 255, 255, 255, 255, 255)
u: (255, 255, 255, 255, 255, 255, 136, 255, 255, 155, 128, 254, 114, 255, 255, 248, 113, 252, 119, 255, 255, 255, 119, 252, 119, 255, 255, 255, 119, 252, 119, 255, 255, 255, 83, 252, 191, 115, 157, 109, 74, 155, 255, 233, 224, 255, 255, 255, 255, 255, 255, 255, 255, 255, 255, 255, 255, 255, 255, 255, 255, 255, 255, 255, 255, 255)
2: (112, 254, 255, 255, 105, 255, 255, 255, 255, 255, 110, 255, 255, 255, 255, 178, 160, 255, 255, 255, 175, 144, 255, 255, 255, 163, 148, 255, 255, 255, 152, 158, 255, 255, 250, 255, 51, 119, 119, 119, 62, 255, 255, 255, 255, 255, 255, 255, 255, 255, 255, 255, 255, 255, 255, 255, 255, 255, 255, 255, 255, 255, 255, 255, 255, 255)
r: (255, 255, 255, 255, 255, 255, 155, 128, 254, 181, 115, 197, 248, 117, 119, 167, 254, 190, 255, 123, 207, 255, 255, 255, 255, 123, 252, 255, 255, 255, 255, 123, 252, 255, 255, 255, 125, 59, 117, 119, 167, 255, 255, 255, 255, 255, 255, 255, 255, 255, 255, 255, 255, 255, 255, 255, 255, 255, 255, 255, 255, 255, 255, 255, 255, 255)
V: (149, 244, 255, 252, 212, 114, 116, 255, 255, 255, 151, 216, 145, 227, 255, 255, 111, 255, 235, 138, 255, 211, 157, 255, 255, 118, 254, 123, 243, 255, 255, 186, 182, 116, 255, 255, 255, 254, 57, 195, 255, 255, 255, 255, 255, 255, 255, 255, 255, 255, 255, 255, 255, 255, 255, 255, 255, 255, 255, 255, 255, 255, 255, 255, 255, 255)
6: (255, 112, 224, 255, 255, 255, 198, 168, 255, 255, 255, 255, 137, 217, 115, 114, 183, 255, 134, 92, 240, 255, 125, 221, 168, 179, 255, 255, 212, 160, 237, 128, 255, 255, 174, 193, 255, 158, 125, 145, 116, 255, 255, 255, 238, 227, 255, 255, 255, 255, 255, 255, 255, 255, 255, 255, 255, 255, 255, 255, 255, 255, 255, 255, 255, 255)
y: (255, 255, 255, 255, 255, 255, 128, 155, 255, 255, 143, 128, 117, 230, 255, 255, 214, 137, 230, 131, 255, 255, 119, 243, 255, 123, 238, 226, 139, 255, 255, 230, 134, 122, 241, 255, 255, 255, 124, 135, 255, 255, 255, 255, 128, 239, 255, 255, 236, 219, 118, 249, 255, 255, 140, 140, 140, 205, 255, 255, 255, 255, 255, 255, 255, 255)
x: (255, 255, 255, 255, 255, 255, 128, 157, 255, 197, 128, 183, 153, 162, 255, 218, 106, 247, 255, 164, 135, 116, 251, 255, 255, 208, 83, 153, 255, 255, 201, 121, 254, 177, 148, 255, 32, 154, 255, 197, 57, 115, 255, 255, 255, 255, 255, 255, 255, 255, 255, 255, 255, 255, 255, 255, 255, 255, 255, 255, 255, 255, 255, 255, 255, 255)
n: (255, 255, 255, 255, 255, 255, 170, 172, 114, 129, 248, 255, 53, 176, 255, 224, 123, 255, 117, 255, 255, 255, 118, 255, 119, 255, 255, 255, 119, 255, 119, 255, 255, 255, 119, 255, 55, 181, 255, 186, 55, 193, 255, 255, 255, 255, 255, 255, 255, 255, 255, 255, 255, 255, 255, 255, 255, 255, 255, 255, 255, 255, 255, 255, 255, 255)
o: (255, 255, 255, 255, 255, 255, 237, 130, 114, 145, 250, 255, 97, 234, 255, 211, 105, 255, 223, 255, 255, 255, 170, 199, 250, 255, 255, 255, 200, 175, 165, 255, 255, 255, 124, 232, 148, 121, 158, 109, 180, 255, 255, 245, 216, 250, 255, 255, 255, 255, 255, 255, 255, 255, 255, 255, 255, 255, 255, 255, 255, 255, 255, 255, 255, 255)
M: (120, 255, 255, 201, 68, 201, 125, 237, 255, 117, 155, 216, 224, 139, 230, 139, 160, 216, 255, 112, 129, 235, 160, 216, 255, 201, 129, 255, 160, 216, 255, 255, 255, 255, 160, 216, 124, 252, 255, 169, 74, 117, 255, 255, 255, 255, 255, 255, 255, 255, 255, 255, 255, 255, 255, 255, 255, 255, 255, 255, 255, 255, 255, 255, 255, 255)
O: (97, 231, 252, 154, 158, 255, 247, 255, 255, 255, 109, 241, 255, 255, 255, 255, 191, 176, 255, 255, 255, 255, 212, 159, 255, 255, 255, 255, 166, 198, 210, 255, 255, 249, 93, 254, 111, 131, 158, 106, 221, 255, 255, 230, 218, 254, 255, 255, 255, 255, 255, 255, 255, 255, 255, 255, 255, 255, 255, 255, 255, 255, 255, 255, 255, 255)
D: (105, 228, 221, 153, 134, 255, 119, 255, 255, 255, 143, 210, 119, 255, 255, 255, 233, 145, 119, 255, 255, 255, 247, 129, 119, 255, 255, 255, 211, 161, 119, 255, 255, 251, 102, 241, 55, 119, 119, 105, 214, 255, 255, 255, 255, 255, 255, 255, 255, 255, 255, 255, 255, 255, 255, 255, 255, 255, 255, 255, 255, 255, 255, 255, 255, 255)
p: (255, 255, 255, 255, 255, 255, 222, 125, 110, 134, 244, 255, 73, 226, 255, 215, 93, 255, 186, 255, 255, 255, 162, 204, 198, 255, 255, 255, 174, 201, 82, 247, 255, 241, 101, 250, 181, 109, 116, 119, 231, 255, 220, 255, 255, 255, 255, 255, 202, 244, 255, 255, 255, 255, 140, 172, 255, 255, 255, 255, 255, 255, 255, 255, 255, 255)
P: (102, 228, 227, 195, 99, 248, 115, 255, 255, 255, 183, 189, 115, 255, 255, 255, 125, 225, 115, 119, 119, 113, 179, 255, 115, 255, 255, 255, 255, 255, 115, 255, 255, 255, 255, 255, 53, 119, 121, 242, 255, 255, 255, 255, 255, 255, 255, 255, 255, 255, 255, 255, 255, 255, 255, 255, 255, 255, 255, 255, 255, 255, 255, 255, 255, 255)
f: (255, 114, 253, 255, 255, 255, 128, 59, 128, 128, 182, 255, 244, 113, 244, 244, 251, 255, 255, 119, 255, 255, 255, 255, 255, 119, 255, 255, 255, 255, 255, 119, 255, 255, 255, 255, 119, 55, 119, 119, 200, 255, 255, 255, 255, 255, 255, 255, 255, 255, 255, 255, 255, 255, 255, 255, 255, 255, 255, 255, 255, 255, 255, 255, 255, 255)
4: (255, 255, 132, 198, 144, 255, 255, 221, 136, 228, 144, 255, 255, 109, 246, 228, 144, 255, 188, 168, 255, 228, 144, 255, 133, 118, 119, 105, 67, 235, 255, 255, 255, 228, 144, 255, 255, 255, 203, 105, 67, 234, 255, 255, 255, 255, 255, 255, 255, 255, 255, 255, 255, 255, 255, 255, 255, 255, 255, 255, 255, 255, 255, 255, 255, 255)
Z: (152, 195, 228, 228, 104, 231, 156, 224, 255, 184, 163, 255, 255, 255, 234, 113, 255, 255, 255, 255, 107, 240, 255, 255, 255, 152, 196, 255, 250, 171, 213, 135, 255, 255, 244, 132, 101, 115, 119, 119, 113, 132, 255, 255, 255, 255, 255, 255, 255, 255, 255, 255, 255, 255, 255, 255, 255, 255, 255, 255, 255, 255, 255, 255, 255, 255)
j: (255, 255, 251, 231, 255, 255, 159, 128, 128, 128, 226, 255, 249, 244, 244, 171, 196, 255, 255, 255, 255, 180, 196, 255, 255, 255, 255, 180, 196, 255, 255, 255, 255, 180, 196, 255, 255, 255, 255, 180, 196, 255, 255, 255, 255, 171, 201, 255, 240, 234, 217, 91, 248, 255, 164, 140, 158, 236, 255, 255, 255, 255, 255, 255, 255, 255)
J: (255, 255, 232, 228, 105, 228, 255, 255, 255, 255, 119, 255, 255, 255, 255, 255, 119, 255, 226, 255, 255, 255, 119, 255, 115, 255, 255, 255, 119, 255, 106, 255, 255, 255, 112, 255, 162, 105, 155, 114, 198, 255, 255, 247, 214, 248, 255, 255, 255, 255, 255, 255, 255, 255, 255, 255, 255, 255, 255, 255, 255, 255, 255, 255, 255, 255)
E: (142, 188, 228, 228, 224, 123, 160, 212, 255, 252, 254, 166, 160, 185, 224, 122, 255, 255, 160, 124, 152, 110, 255, 255, 160, 212, 255, 218, 255, 204, 160, 212, 255, 255, 255, 119, 74, 98, 119, 119, 119, 82, 255, 255, 255, 255, 255, 255, 255, 255, 255, 255, 255, 255, 255, 255, 255, 255, 255, 255, 255, 255, 255, 255, 255, 255)
9: (176, 190, 255, 255, 107, 253, 136, 237, 255, 255, 160, 203, 189, 167, 255, 245, 77, 169, 255, 135, 112, 105, 176, 164, 255, 255, 255, 255, 150, 205, 255, 255, 255, 224, 99, 255, 203, 154, 122, 112, 244, 255, 255, 221, 239, 255, 255, 255, 255, 255, 255, 255, 255, 255, 255, 255, 255, 255, 255, 255, 255, 255, 255, 255, 255, 255)
B: (105, 228, 228, 204, 97, 247, 119, 255, 255, 255, 164, 203, 116, 224, 222, 186, 93, 248, 109, 152, 151, 137, 100, 219, 119, 255, 255, 255, 249, 111, 119, 255, 255, 255, 247, 113, 55, 119, 119, 116, 97, 217, 255, 255, 255, 255, 255, 255, 255, 255, 255, 255, 255, 255, 255, 255, 255, 255, 255, 255, 255, 255, 255, 255, 255, 255)
g: (255, 255, 255, 255, 255, 255, 235, 124, 109, 170, 183, 132, 99, 237, 255, 175, 32, 246, 205, 255, 255, 255, 83, 255, 216, 255, 255, 255, 95, 255, 111, 252, 255, 211, 25, 255, 209, 112, 113, 135, 111, 255, 255, 255, 255, 255, 114, 255, 255, 235, 233, 173, 123, 255, 254, 143, 140, 179, 255, 255, 255, 255, 255, 255, 255, 255)
w: (255, 255, 255, 255, 255, 255, 128, 229, 255, 255, 137, 129, 157, 255, 237, 255, 232, 131, 122, 255, 46, 210, 187, 190, 120, 200, 153, 129, 135, 243, 130, 114, 245, 112, 123, 255, 182, 93, 255, 167, 108, 255, 255, 255, 255, 255, 255, 255, 255, 255, 255, 255, 255, 255, 255, 255, 255, 255, 255, 255, 255, 255, 255, 255, 255, 255)
C: (102, 236, 253, 184, 37, 248, 243, 255, 255, 255, 159, 252, 255, 255, 255, 255, 255, 255, 255, 255, 255, 255, 255, 255, 255, 255, 255, 255, 255, 255, 185, 255, 255, 255, 180, 232, 136, 119, 162, 120, 151, 255, 255, 246, 213, 245, 255, 255, 255, 255, 255, 255, 255, 255, 255, 255, 255, 255, 255, 255, 255, 255, 255, 255, 255, 255)
W: (229, 254, 255, 236, 152, 196, 255, 177, 130, 255, 143, 235, 255, 113, 114, 254, 121, 255, 254, 114, 166, 206, 120, 255, 188, 165, 237, 137, 119, 255, 89, 234, 255, 118, 119, 255, 59, 255, 255, 134, 121, 255, 255, 255, 255, 255, 255, 255, 255, 255, 255, 255, 255, 255, 255, 255, 255, 255, 255, 255, 255, 255, 255, 255, 255, 255)
9: (234, 132, 255, 255, 145, 216, 200, 173, 255, 255, 224, 139, 241, 114, 255, 255, 120, 115, 255, 176, 106, 106, 190, 114, 255, 255, 255, 255, 214, 141, 255, 255, 255, 245, 93, 239, 235, 148, 133, 98, 221, 255, 255, 230, 229, 255, 255, 255, 255, 255, 255, 255, 255, 255, 255, 255, 255, 255, 255, 255, 255, 255, 255, 255, 255, 255)
U: (105, 228, 254, 250, 217, 116, 119, 255, 255, 255, 244, 132, 119, 255, 255, 255, 244, 132, 119, 255, 255, 255, 244, 132, 117, 255, 255, 255, 240, 136, 138, 220, 255, 255, 176, 186, 246, 96, 149, 130, 125, 255, 255, 255, 219, 232, 255, 255, 255, 255, 255, 255, 255, 255, 255, 255, 255, 255, 255, 255, 255, 255, 255, 255, 255, 255)
Y: (136, 187, 255, 255, 136, 183, 253, 102, 249, 229, 122, 255, 255, 217, 133, 110, 243, 255, 255, 255, 131, 174, 255, 255, 255, 255, 164, 208, 255, 255, 255, 255, 164, 208, 255, 255, 250, 123, 75, 96, 143, 255, 255, 255, 255, 255, 255, 255, 255, 255, 255, 255, 255, 255, 255, 255, 255, 255, 255, 255, 255, 255, 255, 255, 255, 255)
w: (255, 255, 255, 255, 255, 255, 128, 197, 255, 255, 169, 128, 114, 252, 243, 249, 250, 113, 119, 255, 108, 147, 246, 131, 134, 235, 119, 112, 196, 183, 189, 109, 193, 144, 108, 238, 243, 34, 253, 229, 46, 255, 255, 255, 255, 255, 255, 255, 255, 255, 255, 255, 255, 255, 255, 255, 255, 255, 255, 255, 255, 255, 255, 255, 255, 255)
7: (214, 255, 255, 255, 109, 255, 255, 255, 255, 231, 134, 255, 255, 255, 255, 153, 213, 255, 255, 255, 255, 109, 255, 255, 255, 255, 242, 123, 255, 255, 255, 255, 169, 198, 255, 255, 255, 255, 124, 253, 255, 255, 255, 255, 255, 255, 255, 255, 255, 255, 255, 255, 255, 255, 255, 255, 255, 255, 255, 255, 255, 255, 255, 255, 255, 255)
8: (123, 238, 255, 255, 107, 255, 120, 241, 255, 255, 105, 255, 231, 92, 139, 98, 185, 255, 189, 125, 211, 166, 135, 255, 112, 255, 255, 255, 123, 245, 117, 248, 255, 255, 111, 253, 222, 103, 155, 117, 174, 255, 255, 252, 221, 245, 255, 255, 255, 255, 255, 255, 255, 255, 255, 255, 255, 255, 255, 255, 255, 255, 255, 255, 255, 255)
K: (105, 228, 253, 233, 85, 218, 119, 255, 225, 103, 239, 255, 119, 209, 85, 248, 255, 255, 106, 123, 162, 128, 255, 255, 117, 255, 255, 183, 173, 255, 119, 255, 255, 255, 111, 255, 55, 119, 231, 255, 162, 109, 255, 255, 255, 255, 255, 255, 255, 255, 255, 255, 255, 255, 255, 255, 255, 255, 255, 255, 255, 255, 255, 255, 255, 255)
4: (255, 185, 173, 115, 255, 255, 251, 105, 255, 115, 255, 255, 148, 208, 255, 115, 255, 255, 120, 255, 255, 115, 255, 255, 104, 119, 119, 53, 202, 255, 255, 255, 255, 115, 255, 255, 255, 236, 120, 53, 201, 255, 255, 255, 255, 255, 255, 255, 255, 255, 255, 255, 255, 255, 255, 255, 255, 255, 255, 255, 255, 255, 255, 255, 255, 255)
t: (255, 115, 255, 255, 255, 255, 131, 57, 128, 128, 132, 253, 246, 109, 244, 244, 246, 255, 255, 115, 255, 255, 255, 255, 255, 115, 255, 255, 255, 255, 255, 114, 255, 255, 255, 255, 255, 163, 129, 161, 128, 141, 255, 255, 236, 216, 250, 255, 255, 255, 255, 255, 255, 255, 255, 255, 255, 255, 255, 255, 255, 255, 255, 255, 255, 255)
L: (228, 102, 228, 251, 255, 255, 255, 115, 255, 255, 255, 255, 255, 115, 255, 255, 255, 255, 255, 115, 255, 255, 255, 255, 255, 115, 255, 255, 255, 125, 255, 115, 255, 255, 255, 115, 119, 53, 119, 119, 119, 78, 255, 255, 255, 255, 255, 255, 255, 255, 255, 255, 255, 255, 255, 255, 255, 255, 255, 255, 255, 255, 255, 255, 255, 255)
u: (255, 255, 255, 255, 255, 255, 200, 255, 219, 128, 190, 255, 144, 255, 254, 236, 123, 255, 144, 255, 255, 248, 123, 255, 144, 255, 255, 248, 123, 255, 137, 255, 255, 211, 123, 255, 102, 159, 129, 129, 57, 225, 251, 215, 246, 255, 255, 255, 255, 255, 255, 255, 255, 255, 255, 255, 255, 255, 255, 255, 255, 255, 255, 255, 255, 255)
 : (255, 255, 255, 255, 255, 255, 255, 255, 255, 255, 255, 255, 255, 255, 255, 255, 255, 255, 255, 255, 255, 255, 255, 255, 255, 255, 255, 255, 255, 255, 255, 255, 255, 255, 255, 255, 255, 255, 255, 255, 255, 255, 255, 255, 255, 255, 255, 255, 255, 255, 255, 255, 255, 255, 255, 255, 255, 255, 255, 255, 255, 255, 255, 255, 255, 255)
-: (255, 255, 255, 255, 255, 255, 255, 255, 255, 255, 255, 255, 240, 240, 240, 240, 240, 254, 75, 75, 75, 75, 75, 233, 255, 255, 255, 255, 255, 255, 255, 255, 255, 255, 255, 255, 255, 255, 255, 255, 255, 255, 255, 255, 255, 255, 255, 255, 255, 255, 255, 255, 255, 255, 255, 255, 255, 255, 255, 255, 255, 255, 255, 255, 255, 255)
_: (255, 255, 255, 255, 255, 255, 255, 255, 255, 255, 255, 255, 255, 255, 255, 255, 255, 255, 255, 255, 255, 255, 255, 255, 255, 255, 255, 255, 255, 255, 255, 255, 255, 255, 255, 255, 255, 255, 255, 255, 255, 255, 255, 255, 255, 255, 255, 255, 255, 255, 255, 255, 255, 255, 255, 255, 255, 255, 255, 255, 119, 119, 119, 119, 119, 125)
_: (255, 255, 255, 255, 255, 255, 255, 255, 255, 255, 255, 255, 255, 255, 255, 255, 255, 255, 255, 255, 255, 255, 255, 255, 255, 255, 255, 255, 255, 255, 255, 255, 255, 255, 255, 255, 255, 255, 255, 255, 255, 255, 255, 255, 255, 255, 255, 255, 255, 255, 255, 255, 255, 255, 255, 255, 255, 255, 255, 255, 119, 119, 119, 119, 119, 119)
=: (255, 255, 255, 255, 255, 255, 255, 255, 255, 255, 255, 255, 115, 115, 115, 115, 115, 175, 248, 248, 248, 248, 248, 252, 128, 128, 128, 128, 128, 180, 255, 255, 255, 255, 255, 255, 255, 255, 255, 255, 255, 255, 255, 255, 255, 255, 255, 255, 255, 255, 255, 255, 255, 255, 255, 255, 255, 255, 255, 255, 255, 255, 255, 255, 255, 255)
=: (255, 255, 255, 255, 255, 255, 255, 255, 255, 255, 255, 255, 115, 115, 115, 115, 115, 210, 248, 248, 248, 248, 248, 254, 128, 128, 128, 128, 128, 212, 255, 255, 255, 255, 255, 255, 255, 255, 255, 255, 255, 255, 255, 255, 255, 255, 255, 255, 255, 255, 255, 255, 255, 255, 255, 255, 255, 255, 255, 255, 255, 255, 255, 255, 255, 255)
-: (255, 255, 255, 255, 255, 255, 255, 255, 255, 255, 255, 255, 243, 240, 240, 240, 240, 246, 108, 75, 75, 75, 75, 143, 255, 255, 255, 255, 255, 255, 255, 255, 255, 255, 255, 255, 255, 255, 255, 255, 255, 255, 255, 255, 255, 255, 255, 255, 255, 255, 255, 255, 255, 255, 255, 255, 255, 255, 255, 255, 255, 255, 255, 255, 255, 255)
-: (255, 255, 255, 255, 255, 255, 255, 255, 255, 255, 255, 255, 240, 240, 240, 240, 240, 250, 75, 75, 75, 75, 75, 188, 255, 255, 255, 255, 255, 255, 255, 255, 255, 255, 255, 255, 255, 255, 255, 255, 255, 255, 255, 255, 255, 255, 255, 255, 255, 255, 255, 255, 255, 255, 255, 255, 255, 255, 255, 255, 255, 255, 255, 255, 255, 255)
